{
"lowlevel": {
    "average_loudness": 0.0173552893102,
    "barkbands_crest": {
        "dmean": 1.8923791647,
        "dmean2": 3.52865123749,
        "dvar": 4.69919395447,
        "dvar2": 12.1851758957,
        "max": 26.9910144806,
        "mean": 25.3565006256,
        "median": 26.1735134125,
        "min": 11.6881418228,
        "stdev": 2.16243600845,
        "var": 4.67612934113
    },
    "barkbands_flatness_db": {
        "dmean": 0.120356209576,
        "dmean2": 0.221379652619,
        "dvar": 0.00614959187806,
        "dvar2": 0.0191718712449,
        "max": 0.991966366768,
        "mean": 0.696192324162,
        "median": 0.698775947094,
        "min": 0.174516230822,
        "stdev": 0.103498958051,
        "var": 0.0107120350003
    },
    "barkbands_kurtosis": {
        "dmean": 2455.52758789,
        "dmean2": 4658.86425781,
        "dvar": 91650616,
        "dvar2": 273258528,
        "max": 175089.703125,
        "mean": 1721.75537109,
        "median": 576.467529297,
        "min": 16.0287723541,
        "stdev": 6963.39794922,
        "var": 48488912
    },
    "barkbands_skewness": {
        "dmean": 13.6126384735,
        "dmean2": 24.734292984,
        "dvar": 545.259521484,
        "dvar2": 1609.46228027,
        "max": 314.3565979,
        "mean": 16.131067276,
        "median": 11.4156703949,
        "min": 1.11789131165,
        "stdev": 19.2367706299,
        "var": 370.053314209
    },
    "barkbands_spread": {
        "dmean": 0.0924037545919,
        "dmean2": 0.163236171007,
        "dvar": 0.0797071158886,
        "dvar2": 0.104753926396,
        "max": 6.11438131332,
        "mean": 0.0816852375865,
        "median": 0.0372270233929,
        "min": 0.00108759023715,
        "stdev": 0.278372824192,
        "var": 0.0774914324284
    },
    "dissonance": {
        "dmean": 0.0167843103409,
        "dmean2": 0.0304488986731,
        "dvar": 0.000388111599023,
        "dvar2": 0.00102890655398,
        "max": 0.500000238419,
        "mean": 0.481911450624,
        "median": 0.490657299757,
        "min": 0.293234705925,
        "stdev": 0.0239135120064,
        "var": 0.00057185604237
    },
    "dynamic_complexity": 3.22169303894,
    "erbbands_crest": {
        "dmean": 2.56113815308,
        "dmean2": 4.47983551025,
        "dvar": 5.06038665771,
        "dvar2": 13.0462636948,
        "max": 17.295671463,
        "mean": 13.72772789,
        "median": 14.8514995575,
        "min": 1.82095324993,
        "stdev": 3.234842062,
        "var": 10.4642028809
    },
    "erbbands_flatness_db": {
        "dmean": 0.0665535777807,
        "dmean2": 0.121457472444,
        "dvar": 0.002095263917,
        "dvar2": 0.00685050291941,
        "max": 0.35985532403,
        "mean": 0.169771760702,
        "median": 0.167483344674,
        "min": 0.0144671080634,
        "stdev": 0.0599527731538,
        "var": 0.0035943351686
    },
    "erbbands_kurtosis": {
        "dmean": 42.6700820923,
        "dmean2": 80.8051376343,
        "dvar": 2812.4206543,
        "dvar2": 9474.27050781,
        "max": 440.900848389,
        "mean": 37.5097732544,
        "median": 21.116437912,
        "min": -1.32269454002,
        "stdev": 47.0375213623,
        "var": 2212.52856445
    },
    "erbbands_skewness": {
        "dmean": 2.88049340248,
        "dmean2": 5.30222225189,
        "dvar": 6.02075529099,
        "dvar2": 20.0423431396,
        "max": 17.4690265656,
        "mean": 4.94609594345,
        "median": 4.34858179092,
        "min": -0.0382259041071,
        "stdev": 2.81558442116,
        "var": 7.92751550674
    },
    "erbbands_spread": {
        "dmean": 3.89597177505,
        "dmean2": 7.03697872162,
        "dvar": 10.7142534256,
        "dvar2": 27.8966026306,
        "max": 25.3994617462,
        "mean": 5.37079143524,
        "median": 4.12209033966,
        "min": 0.230472207069,
        "stdev": 4.3179101944,
        "var": 18.6443481445
    },
    "hfc": {
        "dmean": 2.30851411819,
        "dmean2": 4.10365486145,
        "dvar": 9.74872207642,
        "dvar2": 29.0993213654,
        "max": 29.250043869,
        "mean": 3.08417510986,
        "median": 1.77884471416,
        "min": 0.0066573577933,
        "stdev": 3.97932243347,
        "var": 15.8350076675
    },
    "loudness_ebu128": {
        "integrated": -34.9200439453,
        "loudness_range": 1.31916046143,
        "momentary": {
            "dmean": 1.39319932461,
            "dmean2": 1.96687293053,
            "dvar": 1.57452750206,
            "dvar2": 2.3034696579,
            "max": -30.5177516937,
            "mean": -35.4636726379,
            "median": -35.3843917847,
            "min": -40.844291687,
            "stdev": 2.19988083839,
            "var": 4.83947563171
        },
        "short_term": {
            "dmean": 0.165311291814,
            "dmean2": 0.233136638999,
            "dvar": 0.0268374029547,
            "dvar2": 0.0329550281167,
            "max": -33.868560791,
            "mean": -35.0013999939,
            "median": -34.9889221191,
            "min": -36.3141937256,
            "stdev": 0.458804428577,
            "var": 0.210501506925
        }
    },
    "melbands_crest": {
        "dmean": 0.466039001942,
        "dmean2": 0.836685121059,
        "dvar": 2.18035769463,
        "dvar2": 5.66626119614,
        "max": 39.9980773926,
        "mean": 39.6149101257,
        "median": 39.9107666016,
        "min": 22.3848209381,
        "stdev": 1.22919404507,
        "var": 1.51091790199
    },
    "melbands_flatness_db": {
        "dmean": 0.0888613089919,
        "dmean2": 0.160071820021,
        "dvar": 0.00398246943951,
        "dvar2": 0.0115832891315,
        "max": 1,
        "mean": 0.745372772217,
        "median": 0.748634874821,
        "min": 0.293446153402,
        "stdev": 0.0883790850639,
        "var": 0.00781086226925
    },
    "melbands_kurtosis": {
        "dmean": 42425.3476562,
        "dmean2": 78280.7265625,
        "dvar": 5666947072,
        "dvar2": 17742860288,
        "max": 813255.875,
        "mean": 37511.5703125,
        "median": 15502.3759766,
        "min": 9.62855434418,
        "stdev": 65337.6796875,
        "var": 4269012224
    },
    "melbands_skewness": {
        "dmean": 72.4967498779,
        "dmean2": 126.391326904,
        "dvar": 6325.23339844,
        "dvar2": 18849.3027344,
        "max": 684.030639648,
        "mean": 113.158248901,
        "median": 88.614440918,
        "min": 2.20896267891,
        "stdev": 95.2099990845,
        "var": 9064.94335938
    },
    "melbands_spread": {
        "dmean": 0.0480058602989,
        "dmean2": 0.0814675763249,
        "dvar": 0.0435749478638,
        "dvar2": 0.0683714225888,
        "max": 3.82727432251,
        "mean": 0.043329693377,
        "median": 0.0108174839988,
        "min": 0.000319620594382,
        "stdev": 0.201351284981,
        "var": 0.0405423417687
    },
    "pitch": {
        "dmean": 9294.55859375,
        "dmean2": 18579.9785156,
        "dvar": 117614656,
        "dvar2": 308545504,
        "max": 22028.4882812,
        "mean": 6090.46142578,
        "median": 44.3572273254,
        "min": 43.0243911743,
        "stdev": 9806.74511719,
        "var": 96172248
    },
    "pitch_instantaneous_confidence": {
        "dmean": 0.197699666023,
        "dmean2": 0.363644719124,
        "dvar": 0.0200833734125,
        "dvar2": 0.0606819577515,
        "max": 0.610182642937,
        "mean": 0.157367616892,
        "median": 0.123855888844,
        "min": -0.114833235741,
        "stdev": 0.162628784776,
        "var": 0.026448123157
    },
    "pitch_salience": {
        "dmean": 0.0208383835852,
        "dmean2": 0.0369759052992,
        "dvar": 0.00162878760602,
        "dvar2": 0.00401536794379,
        "max": 0.460978209972,
        "mean": 0.0246009100229,
        "median": 0.0147306006402,
        "min": 0.0010140578961,
        "stdev": 0.0381353273988,
        "var": 0.00145430315752
    },
    "silence_rate_20dB": {
        "dmean": 0.141531318426,
        "dmean2": 0.282229959965,
        "dvar": 0.121501579881,
        "dvar2": 0.260647028685,
        "max": 1,
        "mean": 0.754345297813,
        "median": 1,
        "min": 0,
        "stdev": 0.430475831032,
        "var": 0.185309439898
    },
    "silence_rate_30dB": {
        "dmean": 0.168213456869,
        "dmean2": 0.335656225681,
        "dvar": 0.139918878675,
        "dvar2": 0.283386260271,
        "max": 1,
        "mean": 0.358053296804,
        "median": 0,
        "min": 0,
        "stdev": 0.479428350925,
        "var": 0.229851543903
    },
    "silence_rate_60dB": {
        "dmean": 0.00232018553652,
        "dmean2": 0.00464576063678,
        "dvar": 0.00231479830109,
        "dvar2": 0.00462420098484,
        "max": 1,
        "mean": 0.00347624556161,
        "median": 0,
        "min": 0,
        "stdev": 0.0588572621346,
        "var": 0.00346417725086
    },
    "sound_start_frame": 0,
    "sound_stop_frame": 862,
    "spectral_centroid": {
        "dmean": 8.14888763428,
        "dmean2": 15.3591251373,
        "dvar": 77.9986953735,
        "dvar2": 165.022598267,
        "max": 144.418655396,
        "mean": 11.7929391861,
        "median": 8.66686248779,
        "min": 4.47412729263,
        "stdev": 8.83414649963,
        "var": 78.0421524048
    },
    "spectral_complexity": {
        "dmean": 0.353828310966,
        "dmean2": 0.664343774319,
        "dvar": 0.592896103859,
        "dvar2": 0.945405602455,
        "max": 17,
        "mean": 0.366164535284,
        "median": 0,
        "min": 0,
        "stdev": 0.820003986359,
        "var": 0.672406494617
    },
    "spectral_crest": {
        "dmean": 1.8923791647,
        "dmean2": 3.52865123749,
        "dvar": 4.69919395447,
        "dvar2": 12.1851758957,
        "max": 26.9910144806,
        "mean": 25.3565006256,
        "median": 26.1735134125,
        "min": 11.6881418228,
        "stdev": 2.16243600845,
        "var": 4.67612934113
    },
    "spectral_decrease": {
        "dmean": 1.07275354821e-07,
        "dmean2": 2.01297098101e-07,
        "dvar": 2.13324976715e-14,
        "dvar2": 6.98977009085e-14,
        "max": -1.68209508822e-11,
        "mean": -9.928284328e-08,
        "median": -4.74345753787e-08,
        "min": -1.25649205529e-06,
        "stdev": 1.46939129309e-07,
        "var": 2.15911086888e-14
    },
    "spectral_energy": {
        "dmean": 0.405078828335,
        "dmean2": 0.760098576546,
        "dvar": 0.304176926613,
        "dvar2": 0.996621072292,
        "max": 4.74494600296,
        "mean": 0.374995619059,
        "median": 0.179136261344,
        "min": 6.40901271254e-05,
        "stdev": 0.554929018021,
        "var": 0.307946205139
    },
    "spectral_energyband_high": {
        "dmean": 4.98411736771e-07,
        "dmean2": 6.31318016531e-07,
        "dvar": 1.05838587894e-10,
        "dvar2": 1.0599870981e-10,
        "max": 0.00030294212047,
        "mean": 6.83839573412e-07,
        "median": 2.69113002105e-07,
        "min": 8.64302123205e-08,
        "stdev": 1.02967842395e-05,
        "var": 1.06023759217e-10
    },
    "spectral_energyband_low": {
        "dmean": 0.10285782069,
        "dmean2": 0.184502348304,
        "dvar": 0.0198339223862,
        "dvar2": 0.0589731447399,
        "max": 1.31544804573,
        "mean": 0.13162574172,
        "median": 0.0746364369988,
        "min": 4.30888576375e-05,
        "stdev": 0.173555836082,
        "var": 0.030121628195
    },
    "spectral_energyband_middle_high": {
        "dmean": 2.7912240057e-06,
        "dmean2": 3.82058260584e-06,
        "dvar": 2.04484229549e-09,
        "dvar2": 2.05818251331e-09,
        "max": 0.00132945145015,
        "mean": 3.20178310176e-06,
        "median": 1.03569368548e-06,
        "min": 2.87136657562e-07,
        "stdev": 4.52456406492e-05,
        "var": 2.04716799068e-09
    },
    "spectral_energyband_middle_low": {
        "dmean": 2.7355934435e-05,
        "dmean2": 4.12837507611e-05,
        "dvar": 7.10665801762e-08,
        "dvar2": 7.29269800104e-08,
        "max": 0.0077869258821,
        "mean": 3.4808741475e-05,
        "median": 9.8120972325e-06,
        "min": 1.04606237983e-06,
        "stdev": 0.000267865863862,
        "var": 7.17521189131e-08
    },
    "spectral_entropy": {
        "dmean": 0.691910088062,
        "dmean2": 1.25780701637,
        "dvar": 0.286027789116,
        "dvar2": 0.723312199116,
        "max": 7.78667163849,
        "mean": 2.4220802784,
        "median": 2.28664779663,
        "min": 1.46004462242,
        "stdev": 0.691241145134,
        "var": 0.47781431675
    },
    "spectral_flatness_db": {
        "dmean": 0.120356209576,
        "dmean2": 0.221379652619,
        "dvar": 0.00614959187806,
        "dvar2": 0.0191718712449,
        "max": 0.991966366768,
        "mean": 0.696192324162,
        "median": 0.698775947094,
        "min": 0.174516230822,
        "stdev": 0.103498958051,
        "var": 0.0107120350003
    },
    "spectral_flux": {
        "dmean": 0.208206295967,
        "dmean2": 0.333575725555,
        "dvar": 0.0383508428931,
        "dvar2": 0.0932183489203,
        "max": 1.64876174927,
        "mean": 0.35488191247,
        "median": 0.279649376869,
        "min": 0.0100204907358,
        "stdev": 0.284005761147,
        "var": 0.0806592777371
    },
    "spectral_kurtosis": {
        "dmean": 70.9106521606,
        "dmean2": 132.789520264,
        "dvar": 4417.11865234,
        "dvar2": 15547.6464844,
        "max": 738.848815918,
        "mean": 92.6062316895,
        "median": 76.7909698486,
        "min": 2.47779607773,
        "stdev": 65.2291641235,
        "var": 4254.84423828
    },
    "spectral_rms": {
        "dmean": 0.00979850441217,
        "dmean2": 0.017985522747,
        "dvar": 6.84390979586e-05,
        "dvar2": 0.000218832341488,
        "max": 0.0680383369327,
        "mean": 0.0157008636743,
        "median": 0.0132199507207,
        "min": 0.000250053883065,
        "stdev": 0.0109239369631,
        "var": 0.000119332391478
    },
    "spectral_rolloff": {
        "dmean": 3.92194080353,
        "dmean2": 7.52786779404,
        "dvar": 122.862091064,
        "dvar2": 307.921813965,
        "max": 129.19921875,
        "mean": 24.003408432,
        "median": 21.533203125,
        "min": 21.533203125,
        "stdev": 9.20322418213,
        "var": 84.6993408203
    },
    "spectral_skewness": {
        "dmean": 3.40670156479,
        "dmean2": 6.30791759491,
        "dvar": 6.37539100647,
        "dvar2": 22.4272937775,
        "max": 25.9275512695,
        "mean": 8.76732349396,
        "median": 8.42107582092,
        "min": 1.86109340191,
        "stdev": 2.91303038597,
        "var": 8.48574542999
    },
    "spectral_spread": {
        "dmean": 2592665.25,
        "dmean2": 4721506.5,
        "dvar": 5.50350618624e+12,
        "dvar2": 1.3156193665e+13,
        "max": 28731994,
        "mean": 3850682.25,
        "median": 3117732.5,
        "min": 351182.5625,
        "stdev": 2837472.5,
        "var": 8.0512506921e+12
    },
    "spectral_strongpeak": {
        "dmean": 0.142052277923,
        "dmean2": 0.283804446459,
        "dvar": 0.105372451246,
        "dvar2": 0.314172536135,
        "max": 1.56094491482,
        "mean": 0.0715908110142,
        "median": 0,
        "min": 0,
        "stdev": 0.24024862051,
        "var": 0.0577193982899
    },
    "zerocrossingrate": {
        "dmean": 0.000373291579308,
        "dmean2": 0.000660115445498,
        "dvar": 5.66781181988e-07,
        "dvar2": 1.09001064175e-06,
        "max": 0.01025390625,
        "mean": 0.000635388016235,
        "median": 0.00048828125,
        "min": 0,
        "stdev": 0.000844206195325,
        "var": 7.12684141035e-07
    },
    "barkbands": {
        "dmean": [0.402705878019, 0.00730718718842, 4.68804537377e-05, 1.19208507385e-05, 1.16040446301e-05, 4.11089968111e-06, 1.57144063451e-06, 9.11231097689e-07, 8.2314068095e-07, 6.52099799936e-07, 4.97091036777e-07, 4.22564568225e-07, 3.89408199908e-07, 2.95436620945e-07, 2.06290565075e-07, 1.61634872597e-07, 1.32552003151e-07, 1.1976027281e-07, 1.07237823954e-07, 9.48000860035e-08, 8.84331612383e-08, 7.56770148769e-08, 6.36833519252e-08, 6.04138534754e-08, 5.82493164814e-08, 5.6738716836e-08, 6.03662542176e-08],
        "dmean2": [0.75644826889, 0.0120027167723, 7.89468831499e-05, 1.87194727914e-05, 1.82767689694e-05, 5.95484607402e-06, 2.22349763135e-06, 1.22224366805e-06, 1.11887993626e-06, 9.10473374915e-07, 7.16330191608e-07, 5.96212032633e-07, 5.61324043247e-07, 4.19207879077e-07, 2.73144365792e-07, 2.09133162343e-07, 1.68852366755e-07, 1.52875259118e-07, 1.36615582846e-07, 1.20600802234e-07, 1.12597703605e-07, 9.65134674402e-08, 8.10740630186e-08, 7.66511547567e-08, 7.39253778193e-08, 7.22544228893e-08, 7.66435803712e-08],
        "dvar": [0.300121843815, 0.000110953835247, 3.67126347101e-08, 6.23374019071e-09, 8.48987813384e-09, 1.74975223199e-09, 5.46680756219e-10, 2.40772596305e-10, 1.88133272849e-10, 9.33789920388e-11, 4.71627563392e-11, 3.93612191452e-11, 2.58182850099e-11, 1.70753845091e-11, 1.32437689288e-11, 9.48164376874e-12, 6.97126861446e-12, 5.76340624531e-12, 4.72160505138e-12, 3.69979958129e-12, 3.18651008357e-12, 2.33144276454e-12, 1.64899170707e-12, 1.50692154068e-12, 1.40163781189e-12, 1.32542241071e-12, 1.51658915461e-12],
        "dvar2": [0.98636174202, 0.000297092658002, 5.75107677037e-08, 6.68396138437e-09, 9.07672514927e-09, 1.80437687014e-09, 5.50673728839e-10, 2.41494158004e-10, 1.89180809906e-10, 9.43264771847e-11, 4.7944256204e-11, 3.97664852436e-11, 2.64440205844e-11, 1.73640667817e-11, 1.32777599679e-11, 9.50409195788e-12, 6.97651355089e-12, 5.7686906467e-12, 4.72713448246e-12, 3.70565817615e-12, 3.19108454938e-12, 2.33515984327e-12, 1.65102642929e-12, 1.50829392379e-12, 1.40406403951e-12, 1.32787910442e-12, 1.51891747877e-12],
        "max": [4.70306921005, 0.0900704339147, 0.00473875692114, 0.00227880803868, 0.00265528843738, 0.00121479725931, 0.000687283754814, 0.000456757261418, 0.000403359968914, 0.000283837580355, 0.00020142820722, 0.000184312099009, 0.000148593535414, 0.000121150398627, 0.000107112042315, 9.06126297195e-05, 7.77399473009e-05, 7.06839418854e-05, 6.39718782622e-05, 5.6625554862e-05, 5.25586256117e-05, 4.49608742201e-05, 3.78107906727e-05, 3.61544734915e-05, 3.48693138221e-05, 3.39083999279e-05, 3.62714090443e-05],
        "mean": [0.364810973406, 0.0101026948541, 4.41611700808e-05, 1.29309928525e-05, 1.34524261739e-05, 4.73640238852e-06, 1.62712842666e-06, 9.7801296306e-07, 8.88355998541e-07, 6.84741564783e-07, 5.11374082635e-07, 4.55689047385e-07, 4.07347698683e-07, 3.36143216373e-07, 2.44379009473e-07, 1.83895465966e-07, 1.52684336285e-07, 1.3970715429e-07, 1.28575422309e-07, 1.16696519115e-07, 1.1106074993e-07, 9.72581872816e-08, 8.45720578013e-08, 8.28935569075e-08, 8.25908585966e-08, 8.37764986272e-08, 8.77446737491e-08],
        "median": [0.167956858873, 0.00547033548355, 1.49199677253e-05, 3.11915573548e-06, 2.99994007946e-06, 1.01201021607e-06, 4.36262070025e-07, 2.91602901825e-07, 2.75796679716e-07, 2.08803868418e-07, 1.56039519084e-07, 1.44483422559e-07, 1.24610295416e-07, 1.20237260148e-07, 8.40501783728e-08, 5.76581236089e-08, 4.72894683412e-08, 4.51952431035e-08, 4.29458140161e-08, 4.08767668603e-08, 4.04358537764e-08, 3.65369317024e-08, 3.39733183807e-08, 3.41807648851e-08, 3.58914782339e-08, 3.8017798687e-08, 3.827954842e-08],
        "min": [2.96573361993e-05, 2.42278620135e-05, 1.61771538387e-07, 4.75230024222e-08, 9.81256604859e-08, 6.03052043857e-08, 1.83799162556e-08, 1.52235521966e-08, 4.18807388769e-08, 2.47081644034e-08, 1.47186236532e-08, 2.31093117975e-08, 1.22219159238e-08, 1.06958450985e-08, 1.14384119954e-08, 8.99256402676e-09, 1.26086430186e-08, 1.33926985058e-08, 1.40764209178e-08, 6.69571287304e-09, 1.588768761e-08, 1.40510412194e-08, 7.96982391194e-09, 1.07618980394e-08, 1.02439337013e-08, 9.13356679177e-09, 1.25801831174e-08],
        "stdev": [0.546284139156, 0.0129597773775, 0.000183018564712, 7.94080406195e-05, 9.30126552703e-05, 4.23028468504e-05, 2.34027575061e-05, 1.55355646712e-05, 1.37204915518e-05, 9.66710376815e-06, 6.86594694344e-06, 6.27629060546e-06, 5.07768709213e-06, 4.13013367506e-06, 3.64317043022e-06, 3.08161634166e-06, 2.64317509391e-06, 2.40319172917e-06, 2.1748880954e-06, 1.92504671759e-06, 1.78669949946e-06, 1.52834570599e-06, 1.28519673126e-06, 1.22882704545e-06, 1.18505499813e-06, 1.15228112918e-06, 1.2326443084e-06],
        "var": [0.29842633009, 0.000167955833604, 3.34957945824e-08, 6.3056373456e-09, 8.65135429962e-09, 1.78953096786e-09, 5.4768906077e-10, 2.41353770303e-10, 1.88251900179e-10, 9.34528912588e-11, 4.71412284209e-11, 3.93918266062e-11, 2.57829053246e-11, 1.70580025799e-11, 1.32726902385e-11, 9.49635942799e-12, 6.98637502017e-12, 5.77533073448e-12, 4.73013815616e-12, 3.70580519396e-12, 3.19229516953e-12, 2.33584050539e-12, 1.65173051018e-12, 1.51001585368e-12, 1.40435547306e-12, 1.32775171066e-12, 1.51941187496e-12]
    },
    "erbbands": {
        "dmean": [1.61920332909, 0.12786231935, 0.042213935405, 0.0416145771742, 0.0307905282825, 0.0204944163561, 0.0196935385466, 0.0202777143568, 0.0167044196278, 0.0173303764313, 0.0130637725815, 0.00874637905508, 0.00688766734675, 0.00544351153076, 0.0042303353548, 0.00312449550256, 0.00213653896935, 0.00127842777874],
        "dmean2": [2.93079018593, 0.213951870799, 0.066768117249, 0.0660129860044, 0.0442365258932, 0.0278146080673, 0.0268845744431, 0.0282165557146, 0.0228950101882, 0.0248489361256, 0.0179598499089, 0.0112700387836, 0.00876574218273, 0.00692052254453, 0.00536333071068, 0.00395015766844, 0.00264678569511, 0.00153090036474],
        "dvar": [4.93257188797, 0.066342651844, 0.0631085783243, 0.0970321297646, 0.112819164991, 0.116968892515, 0.102437227964, 0.0923883393407, 0.0729137584567, 0.0547703616321, 0.0392627194524, 0.0285621825606, 0.019179334864, 0.012199992314, 0.00739502068609, 0.00407716492191, 0.00198170775548, 0.000777511915658],
        "dvar2": [14.8607673645, 0.142197698355, 0.0697651430964, 0.106502793729, 0.115550778806, 0.117248661816, 0.103013396263, 0.0933096557856, 0.073377750814, 0.0559962131083, 0.039584197104, 0.0286410786211, 0.0191998258233, 0.0122103616595, 0.00740643125027, 0.00408167159185, 0.00198396318592, 0.000777731009293],
        "max": [20.5720672607, 5.11726474762, 7.21569061279, 8.8950176239, 9.79599380493, 10.0683317184, 9.41551494598, 8.93048858643, 7.94037675858, 6.84926986694, 5.82450294495, 4.97335958481, 4.07727479935, 3.25223970413, 2.53163576126, 1.88052725792, 1.31148123741, 0.822139680386],
        "mean": [1.99592745304, 0.167401686311, 0.050671543926, 0.0471935383976, 0.0364088453352, 0.0224867518991, 0.0219606030732, 0.0217874441296, 0.01830278337, 0.0185716599226, 0.0155885703862, 0.0101105943322, 0.00810266751796, 0.00656768772751, 0.00525197666138, 0.00406006444246, 0.00298134749755, 0.00199065054767],
        "median": [1.11179018021, 0.0929948240519, 0.0188042093068, 0.0111688617617, 0.00860427785665, 0.00645184377208, 0.00752458069474, 0.00665116356686, 0.00573515240103, 0.00583337480202, 0.00568925309926, 0.0031490358524, 0.00260694650933, 0.00222640833817, 0.00183284387458, 0.00152849243023, 0.00121899496298, 0.000893363787327],
        "min": [0.000391600391595, 0.00302772433497, 0.000876446021721, 0.000601500913035, 0.000802680850029, 0.000630968133919, 0.00102533434983, 0.00117268739268, 0.00110899738502, 0.00108236330561, 0.000973100890405, 0.000909316702746, 0.000824518385343, 0.000698300777003, 0.000582468695939, 0.000627112807706, 0.000491475628223, 0.000427709135693],
        "stdev": [2.66399121284, 0.267748117447, 0.252770513296, 0.313751727343, 0.338743001223, 0.342490524054, 0.320309579372, 0.304150640965, 0.27021843195, 0.233904227614, 0.198272585869, 0.169142380357, 0.138623759151, 0.11056741327, 0.0860648825765, 0.0639245584607, 0.0445765294135, 0.0279404837638],
        "var": [7.09684944153, 0.0716890543699, 0.0638929307461, 0.0984401479363, 0.114746816456, 0.117299757898, 0.10259822011, 0.0925076082349, 0.0730180069804, 0.054711189121, 0.0393120162189, 0.0286091435701, 0.0192165449262, 0.0122251529247, 0.00740716420114, 0.00408634915948, 0.00198706705123, 0.000780670670792]
    },
    "gfcc": {
        "mean": [-181.73046875, 48.526222229, 12.0141334534, 20.5687351227, 14.5728034973, 11.2147893906, 6.22621774673, 8.3692855835, 4.54611301422, 3.63967847824, 3.88093662262, 3.49946427345, -0.00699095800519],
        "cov": [[471.224578857, 102.595649719, -19.9740982056, -15.1577091217, -14.5812292099, -19.7068214417, -3.33754396439, 16.8826599121, 19.502614975, 19.437330246, 5.91709661484, -2.94345784187, -3.84963536263], [102.595649719, 118.574462891, 50.8898735046, 1.209379673, -14.0519227982, -38.3055801392, -21.8923282623, -0.731929838657, 9.72788143158, 10.8521366119, 11.2999858856, 4.28603076935, -0.530218482018], [-19.9740982056, 50.8898735046, 99.6512145996, 41.8748626709, 4.7116394043, 0.888745069504, 3.58680081367, -9.81729602814, -0.557686507702, 4.1615691185, 2.51748681068, 2.02211546898, 6.68414306641], [-15.1577091217, 1.209379673, 41.8748626709, 43.1897201538, 31.3893222809, 24.8113136292, 18.5998363495, 1.68165814877, -1.43727314472, -2.08155155182, -1.77066206932, -0.566383779049, 2.12885689735], [-14.5812292099, -14.0519227982, 4.7116394043, 31.3893222809, 57.984287262, 47.2471160889, 31.0967884064, 13.0650281906, 2.12572574615, -4.06908941269, -4.27645254135, -2.81091332436, -1.83280980587], [-19.7068214417, -38.3055801392, 0.888745069504, 24.8113136292, 47.2471160889, 64.0549850464, 42.3036117554, 11.09608078, 1.5006455183, -3.31083607674, -9.19698429108, -5.90378475189, 0.0783972591162], [-3.33754396439, -21.8923282623, 3.58680081367, 18.5998363495, 31.0967884064, 42.3036117554, 38.7334823608, 15.7435979843, 5.2857837677, 0.794387280941, -4.47595357895, -3.5255022049, 0.163179785013], [16.8826599121, -0.731929838657, -9.81729602814, 1.68165814877, 13.0650281906, 11.09608078, 15.7435979843, 21.7414054871, 12.0536642075, 4.1006603241, 2.01454639435, -0.500949263573, -2.4005343914], [19.502614975, 9.72788143158, -0.557686507702, -1.43727314472, 2.12572574615, 1.5006455183, 5.2857837677, 12.0536642075, 16.9007930756, 9.80623722076, 3.69833278656, 0.571546673775, -0.306694716215], [19.437330246, 10.8521366119, 4.1615691185, -2.08155155182, -4.06908941269, -3.31083607674, 0.794387280941, 4.1006603241, 9.80623722076, 15.0261011124, 7.55978727341, 2.13994812965, 1.71343135834], [5.91709661484, 11.2999858856, 2.51748681068, -1.77066206932, -4.27645254135, -9.19698429108, -4.47595357895, 2.01454639435, 3.69833278656, 7.55978727341, 13.9911613464, 7.88393688202, 1.54525208473], [-2.94345784187, 4.28603076935, 2.02211546898, -0.566383779049, -2.81091332436, -5.90378475189, -3.5255022049, -0.500949263573, 0.571546673775, 2.13994812965, 7.88393688202, 11.1643533707, 4.73119974136], [-3.84963536263, -0.530218482018, 6.68414306641, 2.12885689735, -1.83280980587, 0.0783972591162, 0.163179785013, -2.4005343914, -0.306694716215, 1.71343135834, 1.54525208473, 4.73119974136, 10.2699165344]],
        "icov": [[0.00400189356878, -0.00776635436341, 0.00818041805178, -0.00862728897482, 0.00767757883295, -0.00504974462092, -0.000689308682922, -0.000969336193521, 0.00147137173917, -0.00395031878725, 0.00256872409955, 0.000471686420497, -0.00114440824836], [-0.00776635436341, 0.0370426103473, -0.0357308834791, 0.0378274135292, -0.0356425829232, 0.0306238923222, 0.00173601799179, -0.0018823153805, -0.00845826882869, 0.00388067169115, -0.00673034787178, 0.00134749221615, 0.00684493687004], [0.00818041805178, -0.0357308834791, 0.0621611662209, -0.0748272687197, 0.0478952787817, -0.0233596134931, -0.0077208080329, 0.0168392192572, -0.00360172707587, -0.00736778462306, 0.00386726786382, 0.00262905471027, -0.0116114653647], [-0.00862728897482, 0.0378274135292, -0.0748272687197, 0.139625787735, -0.0888878405094, 0.0447657108307, -0.0217378623784, 0.00838130246848, 0.000415503047407, 0.0127783641219, -0.0102002304047, 0.00209356052801, 0.00302728125826], [0.00767757883295, -0.0356425829232, 0.0478952787817, -0.0888878405094, 0.115026287735, -0.0858299806714, 0.0307701863348, -0.0323216579854, 0.0104133151472, 0.00491491612047, -0.0031736344099, -0.00678934203461, 0.00452643074095], [-0.00504974462092, 0.0306238923222, -0.0233596134931, 0.0447657108307, -0.0858299806714, 0.14437314868, -0.110497914255, 0.0608404949307, -0.0251431111246, 0.00491551635787, 0.0104333385825, 0.0100697893649, -0.00261042662896], [-0.000689308682922, 0.00173601799179, -0.0077208080329, -0.0217378623784, 0.0307701863348, -0.110497914255, 0.174249827862, -0.108390167356, 0.0400462150574, -0.0286205131561, 0.0139300487936, -0.00479827681556, -0.00632153730839], [-0.000969336193521, -0.0018823153805, 0.0168392192572, 0.00838130246848, -0.0323216579854, 0.0608404949307, -0.108390167356, 0.178019791842, -0.111270301044, 0.0476926676929, -0.0341306626797, 0.010874829255, 0.0127886058763], [0.00147137173917, -0.00845826882869, -0.00360172707587, 0.000415503047407, 0.0104133151472, -0.0251431111246, 0.0400462150574, -0.111270301044, 0.184548318386, -0.108909696341, 0.0428356043994, -0.0191622171551, 0.0038423910737], [-0.00395031878725, 0.00388067169115, -0.00736778462306, 0.0127783641219, 0.00491491612047, 0.00491551635787, -0.0286205131561, 0.0476926676929, -0.108909696341, 0.185320988297, -0.109909929335, 0.0570253245533, -0.0305962786078], [0.00256872409955, -0.00673034787178, 0.00386726786382, -0.0102002304047, -0.0031736344099, 0.0104333385825, 0.0139300487936, -0.0341306626797, 0.0428356043994, -0.109909929335, 0.21030703187, -0.138243690133, 0.0430273897946], [0.000471686420497, 0.00134749221615, 0.00262905471027, 0.00209356052801, -0.00678934203461, 0.0100697893649, -0.00479827681556, 0.010874829255, -0.0191622171551, 0.0570253245533, -0.138243690133, 0.21716837585, -0.0899010002613], [-0.00114440824836, 0.00684493687004, -0.0116114653647, 0.00302728125826, 0.00452643074095, -0.00261042662896, -0.00632153730839, 0.0127886058763, 0.0038423910737, -0.0305962786078, 0.0430273897946, -0.0899010002613, 0.148304820061]]
    },
    "melbands": {
        "dmean": [0.0202784854919, 6.75036062603e-05, 7.77400691732e-06, 2.62823277808e-06, 1.55834027282e-06, 6.99141708083e-07, 3.76283310288e-07, 2.11250622328e-07, 1.6254038826e-07, 1.15515554455e-07, 9.23023648625e-08, 9.18326463761e-08, 6.4057310567e-08, 4.63930334149e-08, 4.73827697078e-08, 3.51219995309e-08, 2.78354761463e-08, 2.24698730733e-08, 1.45762681925e-08, 1.17518395015e-08, 9.78913217153e-09, 7.92477994338e-09, 6.64939481254e-09, 5.57258594824e-09, 4.68095917583e-09, 3.99855526467e-09, 3.38945715939e-09, 2.89278601073e-09, 2.50717113737e-09, 2.14197926063e-09, 1.85000759156e-09, 1.60164803642e-09, 1.3856502612e-09, 1.20912957424e-09, 1.03944952645e-09, 9.19410492184e-10, 7.95603527504e-10, 6.98273716626e-10, 6.15809625515e-10, 5.43609268711e-10],
        "dmean2": [0.0360259450972, 0.000116429073387, 1.24639709611e-05, 4.06028266298e-06, 2.42409441853e-06, 1.01208183878e-06, 5.36005302365e-07, 2.83793809785e-07, 2.22290466922e-07, 1.56746125413e-07, 1.25615216007e-07, 1.33008413172e-07, 9.04678998381e-08, 6.44405133698e-08, 6.96962487723e-08, 5.02097741162e-08, 3.94955286254e-08, 3.14822337089e-08, 1.8929412704e-08, 1.51359493827e-08, 1.27048762621e-08, 1.01158841304e-08, 8.51507842015e-09, 7.12328462882e-09, 5.97038818384e-09, 5.11642639367e-09, 4.32909796899e-09, 3.68499297743e-09, 3.19613713273e-09, 2.73793587802e-09, 2.36114261476e-09, 2.05320671576e-09, 1.77089931608e-09, 1.53740264963e-09, 1.32622191007e-09, 1.17772214203e-09, 1.0132439332e-09, 8.89579909735e-10, 7.83806242133e-10, 6.93113788586e-10],
        "dvar": [0.000764438649639, 3.4139038263e-08, 2.00596739219e-09, 4.55058934978e-10, 1.47519371718e-10, 5.80616110746e-11, 2.68668906567e-11, 1.3268408941e-11, 6.98310072961e-12, 3.83755483988e-12, 2.3076345522e-12, 1.47600584099e-12, 8.91568394633e-13, 5.31836998486e-13, 3.48865793025e-13, 2.32531198073e-13, 1.61169526076e-13, 1.01990844156e-13, 7.31205935102e-14, 4.95064093073e-14, 3.56011979608e-14, 2.47081289483e-14, 1.73549749468e-14, 1.24519484486e-14, 8.91858693153e-15, 6.39717398249e-15, 4.65209806983e-15, 3.37765039157e-15, 2.52804648756e-15, 1.82065920364e-15, 1.36780680268e-15, 1.01327396282e-15, 7.63466953079e-16, 5.81367204337e-16, 4.30730388541e-16, 3.34073606045e-16, 2.55031508962e-16, 1.93787731388e-16, 1.53248787472e-16, 1.18562404471e-16],
        "dvar2": [0.00225150561891, 6.20960065589e-08, 2.30418861769e-09, 4.83773632265e-10, 1.58270827e-10, 5.95190147168e-11, 2.72704116233e-11, 1.33046906825e-11, 7.01610080797e-12, 3.85621656135e-12, 2.31981274468e-12, 1.50716917245e-12, 9.01545168814e-13, 5.35433080252e-13, 3.59038672274e-13, 2.37258129809e-13, 1.63700053946e-13, 1.03189964982e-13, 7.33182232374e-14, 4.96138706832e-14, 3.56946663524e-14, 2.4731078459e-14, 1.73732014018e-14, 1.24640127388e-14, 8.9283066346e-15, 6.40216512413e-15, 4.65893997846e-15, 3.3827440242e-15, 2.53194559198e-15, 1.82365240632e-15, 1.36925808775e-15, 1.01496495822e-15, 7.64643693601e-16, 5.82219319482e-16, 4.31212826744e-16, 3.34470838028e-16, 2.55231938134e-16, 1.93962154001e-16, 1.53494016746e-16, 1.18773315674e-16],
        "max": [0.255993247032, 0.00404333742335, 0.00126710592303, 0.000616818491835, 0.000348135712557, 0.000222015733016, 0.000152043925482, 0.000107197723992, 7.77546083555e-05, 5.76212732994e-05, 4.46719786851e-05, 3.55977317668e-05, 2.77273229585e-05, 2.14423635043e-05, 1.72559302882e-05, 1.41195860124e-05, 1.17725639939e-05, 9.37833374337e-06, 7.95789310359e-06, 6.54867471894e-06, 5.55206861463e-06, 4.62803654955e-06, 3.87826275983e-06, 3.28550481754e-06, 2.78077186522e-06, 2.35486345446e-06, 2.00797762773e-06, 1.71087094714e-06, 1.48025867475e-06, 1.25631117953e-06, 1.08906044716e-06, 9.37292440994e-07, 8.13709334579e-07, 7.099425261e-07, 6.11165376085e-07, 5.38203096312e-07, 4.70313636924e-07, 4.10011949725e-07, 3.64663179653e-07, 3.20693089861e-07],
        "mean": [0.0266684461385, 5.99623708695e-05, 8.57318173075e-06, 2.99037606055e-06, 1.81219081696e-06, 8.01943940587e-07, 3.94607923226e-07, 2.24390731773e-07, 1.77562839099e-07, 1.24748211761e-07, 9.88269093227e-08, 9.47548031149e-08, 6.71269333452e-08, 5.01665375907e-08, 5.00832726402e-08, 3.69557184854e-08, 3.14908952248e-08, 2.61614747643e-08, 1.72235630203e-08, 1.33786732803e-08, 1.10295790279e-08, 9.11041997398e-09, 7.65765495458e-09, 6.49662723617e-09, 5.52761258987e-09, 4.75477035522e-09, 4.10333722556e-09, 3.52821238891e-09, 3.0790860972e-09, 2.66978950059e-09, 2.32065766603e-09, 2.0196475603e-09, 1.77600301132e-09, 1.56913915195e-09, 1.37489286622e-09, 1.207938638e-09, 1.07050779352e-09, 9.48830458647e-10, 8.46963721379e-10, 7.56695262005e-10],
        "median": [0.0149880945683, 2.11871756619e-05, 2.66226516032e-06, 6.92914113642e-07, 3.4791534631e-07, 1.8139724034e-07, 1.00960406257e-07, 6.05904588724e-08, 5.88349244879e-08, 3.75822537535e-08, 2.91299571131e-08, 2.88885821931e-08, 2.02231635882e-08, 1.59506576836e-08, 1.60745319278e-08, 1.14818439201e-08, 1.10270121922e-08, 9.65679092246e-09, 5.64902302713e-09, 4.24482937689e-09, 3.36163097359e-09, 2.82567347298e-09, 2.43950970535e-09, 2.08208472685e-09, 1.82748294275e-09, 1.5679919585e-09, 1.41814326948e-09, 1.21246779283e-09, 1.10632969452e-09, 9.89889059611e-10, 8.69343985688e-10, 7.65093710609e-10, 6.88246182268e-10, 6.21644125065e-10, 5.62533519766e-10, 4.97565211255e-10, 4.46693820821e-10, 3.99389965544e-10, 3.59604873656e-10, 3.31568855705e-10],
        "min": [1.00628567452e-05, 1.06444394987e-06, 9.10884665473e-08, 4.70051517709e-08, 1.7327806745e-08, 1.21799308417e-08, 6.4103367059e-09, 5.71002045646e-09, 6.88017198769e-09, 5.47263967476e-09, 4.11237932596e-09, 4.60677185288e-09, 2.11619477497e-09, 2.6615165627e-09, 2.71915978622e-09, 1.99069938311e-09, 7.90058574118e-10, 1.11680265036e-09, 7.70207619905e-10, 4.94197127665e-10, 9.29044730036e-10, 7.49855955107e-10, 5.51093171097e-10, 5.59250257215e-10, 3.53607226833e-10, 4.60704363547e-10, 1.43569656164e-10, 2.29392171924e-10, 3.54764134736e-10, 3.38029798597e-10, 2.54869847449e-10, 2.52594861694e-10, 1.78644585236e-10, 1.61971491774e-10, 1.40581990493e-10, 9.56563855903e-11, 1.23650659156e-10, 1.47481402091e-10, 9.81655035037e-11, 5.6287721012e-11],
        "stdev": [0.0347030498087, 0.000173659034772, 4.46933372586e-05, 2.1419939003e-05, 1.23726867969e-05, 7.6894502854e-06, 5.19371405971e-06, 3.64599009117e-06, 2.64502864411e-06, 1.96000064534e-06, 1.52005634391e-06, 1.21421419408e-06, 9.44382918533e-07, 7.29728355964e-07, 5.90034233028e-07, 4.81966935695e-07, 4.01277048923e-07, 3.19427670092e-07, 2.70676622449e-07, 2.22713865128e-07, 1.88815363344e-07, 1.57353881036e-07, 1.3185982084e-07, 1.11704302697e-07, 9.45419600384e-08, 8.00592943051e-08, 6.8264576214e-08, 5.81633550212e-08, 5.03222743475e-08, 4.27072990306e-08, 3.70213157908e-08, 3.18617878747e-08, 2.7659805113e-08, 2.41319035865e-08, 2.07734682789e-08, 1.82934734028e-08, 1.59854458559e-08, 1.3935439469e-08, 1.23939960517e-08, 1.08990469982e-08],
        "var": [0.00120430171955, 3.01574587525e-08, 1.99749439211e-09, 4.58813764759e-10, 1.53083379306e-10, 5.91276472228e-11, 2.69746638221e-11, 1.32932441096e-11, 6.99617664149e-12, 3.84160281711e-12, 2.31057143904e-12, 1.47431622032e-12, 8.91859069235e-13, 5.32503511771e-13, 3.48140380456e-13, 2.32292104389e-13, 1.61023267203e-13, 1.0203403606e-13, 7.32658291674e-14, 4.96014633446e-14, 3.56512440554e-14, 2.47602434974e-14, 1.7387011427e-14, 1.24778515631e-14, 8.93818219173e-15, 6.40949068858e-15, 4.66005213272e-15, 3.38297589947e-15, 2.53233120373e-15, 1.82391329247e-15, 1.37057787096e-15, 1.01517354009e-15, 7.65064774855e-16, 5.82348809644e-16, 4.31536975665e-16, 3.34651150166e-16, 2.55534461245e-16, 1.9419646449e-16, 1.5361114552e-16, 1.18789224012e-16]
    },
    "melbands96": {
        "dmean": [0.0987497195601, 0.00400237413123, 0.000167084872373, 3.27950583596e-05, 1.35645259434e-05, 5.53458539798e-06, 3.3209553294e-06, 2.6582049486e-06, 2.10982034332e-06, 1.38119276016e-06, 8.26234725082e-07, 6.36594165826e-07, 4.53273344192e-07, 2.98727826475e-07, 2.28908163535e-07, 1.92196139892e-07, 1.72998397829e-07, 1.49000129568e-07, 1.21423695987e-07, 1.00196636765e-07, 9.35704917993e-08, 9.37049051686e-08, 9.84631540746e-08, 8.50324468615e-08, 6.16228916783e-08, 4.98059939957e-08, 4.57714826041e-08, 4.94552487851e-08, 5.04273707236e-08, 4.0306119331e-08, 3.31792904262e-08, 2.91619226545e-08, 2.84570909059e-08, 2.62783110827e-08, 2.04243839619e-08, 1.56070996127e-08, 1.37480888895e-08, 1.21294236877e-08, 1.13516751554e-08, 1.02290238502e-08, 9.04578456584e-09, 8.11996780925e-09, 7.43423100857e-09, 6.76548683742e-09, 6.20940987517e-09, 5.65804825214e-09, 5.17418552448e-09, 4.70695571408e-09, 4.28533830643e-09, 4.04966327139e-09, 3.67498365073e-09, 3.35702043941e-09, 3.13546744124e-09, 2.84312395848e-09, 2.66189403852e-09, 2.47909204276e-09, 2.26919727453e-09, 2.07351491532e-09, 1.93498417289e-09, 1.80707515618e-09, 1.66925528955e-09, 1.52966328493e-09, 1.43287237631e-09, 1.33989408457e-09, 1.24511090327e-09, 1.1537637512e-09, 1.06379804965e-09, 9.8884800348e-10, 9.38028210662e-10, 8.69315897045e-10, 7.98878574404e-10, 7.49881989837e-10, 7.02829960897e-10, 6.603574354e-10, 6.1606830748e-10, 5.75839320671e-10, 5.38104671932e-10, 5.1147325264e-10, 4.83050710542e-10, 4.58325016828e-10, 4.24970975077e-10, 3.96514848733e-10, 3.81494225099e-10, 3.67608693486e-10, 3.53737594772e-10, 3.32731425745e-10, 3.18418291734e-10, 3.04095665316e-10, 2.89219453942e-10, 2.79303719042e-10, 2.70375860589e-10, 2.59652827017e-10, 2.55791138271e-10, 2.47755427285e-10, 2.40794634232e-10, 2.36421798805e-10],
