{
"metadata": {
    "version": {
        "essentia": "2.1-dev",
        "essentia_git_sha": "Undefined",
        "extractor": "freesound 0.5"
    },
    "audio_properties": {
        "analysis": {
            "equal_loudness": 0,
            "length": 0.951995491982,
            "sample_rate": 44100,
            "start_time": 18.3220005035,
            "downmix": "mix"
        },
        "bit_rate": 1058400,
        "length": 20,
        "lossless": 1,
        "number_channels": 1,
        "sample_rate": 44100,
        "codec": "pcm_s24le",
        "md5_encoded": "1c068613c8897b9ae0900a7b43ddacdd"
    },
    "tags": {
        "file_name": "172_1b5_Pl_mc_AKGC417L.wav"
    }
},
"lowlevel": {
    "average_loudness": 0.771181583405,
    "barkbands_crest": {
        "dmean": 5.65180540085,
        "dmean2": 9.7522611618,
        "dvar": 14.9334001541,
        "dvar2": 41.0366210938,
        "max": 26.3132190704,
        "mean": 18.9643306732,
        "median": 20.2560958862,
        "min": 7.77722072601,
        "stdev": 4.93603563309,
        "var": 24.3644485474
    },
    "barkbands_flatness_db": {
        "dmean": 0.0803923383355,
        "dmean2": 0.137219578028,
        "dvar": 0.00385224120691,
        "dvar2": 0.00693655293435,
        "max": 0.570655882359,
        "mean": 0.427347511053,
        "median": 0.434173583984,
        "min": 0.226383134723,
        "stdev": 0.0750288888812,
        "var": 0.00562933459878
    },
    "barkbands_kurtosis": {
        "dmean": 185.694412231,
        "dmean2": 323.070983887,
        "dvar": 171222.46875,
        "dvar2": 481344,
        "max": 2246.19628906,
        "mean": 185.048416138,
        "median": 62.6828308105,
        "min": 6.6140165329,
        "stdev": 360.0390625,
        "var": 129628.132812
    },
    "barkbands_skewness": {
        "dmean": 3.19129347801,
        "dmean2": 5.44906997681,
        "dvar": 27.1342411041,
        "dvar2": 74.5793685913,
        "max": 34.4150123596,
        "mean": 6.82411575317,
        "median": 4.74967813492,
        "min": 1.24570918083,
        "stdev": 5.68090343475,
        "var": 32.2726631165
    },
    "barkbands_spread": {
        "dmean": 0.645996689796,
        "dmean2": 1.08652746677,
        "dvar": 0.342754036188,
        "dvar2": 0.516593337059,
        "max": 3.32853364944,
        "mean": 0.959805071354,
        "median": 0.87063652277,
        "min": 0.0831855461001,
        "stdev": 0.684515833855,
        "var": 0.468561887741
    },
    "dissonance": {
        "dmean": 0.0352452658117,
        "dmean2": 0.0558269508183,
        "dvar": 0.000785880431067,
        "dvar2": 0.00210784678347,
        "max": 0.493311434984,
        "mean": 0.426950126886,
        "median": 0.433841794729,
        "min": 0.336689651012,
        "stdev": 0.0374863408506,
        "var": 0.00140522583388
    },
    "dynamic_complexity": 2.13121795654,
    "erbbands_crest": {
        "dmean": 2.14970517159,
        "dmean2": 3.67878031731,
        "dvar": 4.3141336441,
        "dvar2": 9.89621925354,
        "max": 10.8951368332,
        "mean": 6.97526550293,
        "median": 7.07245159149,
        "min": 2.14990282059,
        "stdev": 2.16251659393,
        "var": 4.67647838593
    },
    "erbbands_flatness_db": {
        "dmean": 0.0289398133755,
        "dmean2": 0.0452055856586,
        "dvar": 0.000474590167869,
        "dvar2": 0.00110748014413,
        "max": 0.199497625232,
        "mean": 0.115545623004,
        "median": 0.117815166712,
        "min": 0.0167107414454,
        "stdev": 0.0492174960673,
        "var": 0.0024223618675
    },
    "erbbands_kurtosis": {
        "dmean": 6.34236764908,
        "dmean2": 11.010184288,
        "dvar": 21.6007061005,
        "dvar2": 53.9645805359,
        "max": 35.4618453979,
        "mean": 14.4290599823,
        "median": 13.3055992126,
        "min": -0.480538129807,
        "stdev": 9.59513759613,
        "var": 92.0666732788
    },
    "erbbands_skewness": {
        "dmean": 0.696352541447,
        "dmean2": 1.13237547874,
        "dvar": 0.256586521864,
        "dvar2": 0.60747563839,
        "max": 4.21461343765,
        "mean": 2.86922812462,
        "median": 3.04872512817,
        "min": 0.410263389349,
        "stdev": 0.936638653278,
        "var": 0.877291977406
    },
    "erbbands_spread": {
        "dmean": 2.26629924774,
        "dmean2": 3.39051318169,
        "dvar": 5.5958404541,
        "dvar2": 11.6529798508,
        "max": 18.427986145,
        "mean": 6.9274892807,
        "median": 4.93114519119,
        "min": 1.60935676098,
        "stdev": 5.22826147079,
        "var": 27.3347167969
    },
    "hfc": {
        "dmean": 5.3720126152,
        "dmean2": 8.84714984894,
        "dvar": 19.4130077362,
        "dvar2": 43.438747406,
        "max": 24.3421821594,
        "mean": 10.4869003296,
        "median": 9.74797344208,
        "min": 1.62658131123,
        "stdev": 6.18891143799,
        "var": 38.3026237488
    },
    "loudness_ebu128": {
        "integrated": -18.8023891449,
        "loudness_range": 0,
        "momentary": {
            "dmean": 1.04776573181,
            "dmean2": 0.723310828209,
            "dvar": 0.435779809952,
            "dvar2": 0.173230022192,
            "max": -17.4785404205,
            "mean": -19.0040149689,
            "median": -18.6217880249,
            "min": -21.9398727417,
            "stdev": 1.398665905,
            "var": 1.95626616478
        },
        "short_term": {
            "dmean": 0,
            "dmean2": 0,
            "dvar": 0,
            "dvar2": 0,
            "max": -24.3875198364,
            "mean": -24.3875198364,
            "median": -24.3875198364,
            "min": -24.3875198364,
            "stdev": 0,
            "var": 0
        }
    },
    "melbands_crest": {
        "dmean": 5.26535987854,
        "dmean2": 9.1751537323,
        "dvar": 27.0386486053,
        "dvar2": 70.0153121948,
        "max": 39.1330108643,
        "mean": 28.3816699982,
        "median": 29.8025379181,
        "min": 15.5328807831,
        "stdev": 6.81040525436,
        "var": 46.3816223145
    },
    "melbands_flatness_db": {
        "dmean": 0.063643142581,
        "dmean2": 0.100319549441,
        "dvar": 0.00240525393747,
        "dvar2": 0.00440432503819,
        "max": 0.607260286808,
        "mean": 0.513879239559,
        "median": 0.532451987267,
        "min": 0.319552600384,
        "stdev": 0.0637912005186,
        "var": 0.00406931713223
    },
    "melbands_kurtosis": {
        "dmean": 209.596939087,
        "dmean2": 355.695098877,
        "dvar": 162950.359375,
        "dvar2": 449137.15625,
        "max": 1995.34082031,
        "mean": 224.405807495,
        "median": 62.6279792786,
        "min": 8.05254936218,
        "stdev": 403.114013672,
        "var": 162500.90625
    },
    "melbands_skewness": {
        "dmean": 3.17569494247,
        "dmean2": 5.12139368057,
        "dvar": 22.7804031372,
        "dvar2": 59.061378479,
        "max": 29.8444480896,
        "mean": 6.87236738205,
        "median": 4.09807777405,
        "min": 1.33901929855,
        "stdev": 6.38418054581,
        "var": 40.7577590942
    },
    "melbands_spread": {
        "dmean": 0.480035960674,
        "dmean2": 0.748526751995,
        "dvar": 0.267821669579,
        "dvar2": 0.4414473176,
        "max": 2.73488974571,
        "mean": 0.874769747257,
        "median": 0.762061953545,
        "min": 0.123391121626,
        "stdev": 0.580174088478,
        "var": 0.33660197258
    },
    "pitch": {
        "dmean": 33.4843444824,
        "dmean2": 60.2932014465,
        "dvar": 929.104309082,
        "dvar2": 2030.69262695,
        "max": 213.747192383,
        "mean": 100.89541626,
        "median": 102.32699585,
        "min": 43.0996780396,
        "stdev": 39.7023391724,
        "var": 1576.27587891
    },
    "pitch_instantaneous_confidence": {
        "dmean": 0.117517597973,
        "dmean2": 0.201303333044,
        "dvar": 0.0100299194455,
        "dvar2": 0.026817496866,
        "max": 0.541351616383,
        "mean": 0.277328342199,
        "median": 0.266741603613,
        "min": 0.0262716412544,
        "stdev": 0.112296760082,
        "var": 0.012610563077
    },
    "pitch_salience": {
        "dmean": 0.136660948396,
        "dmean2": 0.245142459869,
        "dvar": 0.0150600150228,
        "dvar2": 0.0328326188028,
        "max": 0.738186597824,
        "mean": 0.298323214054,
        "median": 0.267591834068,
        "min": 0.0323818176985,
        "stdev": 0.158797904849,
        "var": 0.025216775015
    },
    "silence_rate_20dB": {
        "dmean": 0.243902444839,
        "dmean2": 0.449999988079,
        "dvar": 0.184413954616,
        "dvar2": 0.347500085831,
        "max": 1,
        "mean": 0.738095223904,
        "median": 1,
        "min": 0,
        "stdev": 0.439671009779,
        "var": 0.193310603499
    },
    "silence_rate_30dB": {
        "dmean": 0.0975609719753,
        "dmean2": 0.20000000298,
        "dvar": 0.0880428254604,
        "dvar2": 0.210000008345,
        "max": 1,
        "mean": 0.0714285746217,
        "median": 0,
        "min": 0,
        "stdev": 0.257539361715,
        "var": 0.0663265287876
    },
    "silence_rate_60dB": {
        "dmean": 0,
        "dmean2": 0,
        "dvar": 0,
        "dvar2": 0,
        "max": 0,
        "mean": 0,
        "median": 0,
        "min": 0,
        "stdev": 0,
        "var": 0
    },
    "sound_start_frame": 0,
    "sound_stop_frame": 41,
    "spectral_centroid": {
        "dmean": 25.4578285217,
        "dmean2": 47.0663223267,
        "dvar": 562.412536621,
        "dvar2": 1050.52209473,
        "max": 115.023033142,
        "mean": 39.606590271,
        "median": 31.8288440704,
        "min": 8.0403213501,
        "stdev": 26.3737888336,
        "var": 695.576721191
    },
    "spectral_complexity": {
        "dmean": 1.29268288612,
        "dmean2": 2.27500009537,
        "dvar": 2.93872666359,
        "dvar2": 4.79937505722,
        "max": 11,
        "mean": 4.73809528351,
        "median": 4,
        "min": 3,
        "stdev": 1.73286890984,
        "var": 3.00283479691
    },
    "spectral_crest": {
        "dmean": 5.65180540085,
        "dmean2": 9.7522611618,
        "dvar": 14.9334001541,
        "dvar2": 41.0366210938,
        "max": 26.3132190704,
        "mean": 18.9643306732,
        "median": 20.2560958862,
        "min": 7.77722072601,
        "stdev": 4.93603563309,
        "var": 24.3644485474
    },
    "spectral_decrease": {
        "dmean": 9.58859516231e-08,
        "dmean2": 1.68512542587e-07,
        "dvar": 8.09325073322e-15,
        "dvar2": 2.26464507547e-14,
        "max": -6.77080169709e-09,
        "mean": -1.039171309e-07,
        "median": -8.30707165278e-08,
        "min": -4.33656538235e-07,
        "stdev": 9.18171068065e-08,
        "var": 8.43038170468e-15
    },
    "spectral_energy": {
        "dmean": 0.36224976182,
        "dmean2": 0.636687934399,
        "dvar": 0.115432351828,
        "dvar2": 0.322961658239,
        "max": 1.63815689087,
        "mean": 0.393156915903,
        "median": 0.314590960741,
        "min": 0.0258239656687,
        "stdev": 0.346813499928,
        "var": 0.120279610157
    },
    "spectral_energyband_high": {
        "dmean": 2.1147161533e-05,
        "dmean2": 2.28566677833e-05,
        "dvar": 7.91117038546e-09,
        "dvar2": 8.09443001515e-09,
        "max": 0.000531110505108,
        "mean": 4.56442976429e-05,
        "median": 2.65327926172e-05,
        "min": 2.35078241531e-05,
        "stdev": 8.79551880644e-05,
        "var": 7.73611485982e-09
    },
    "spectral_energyband_low": {
        "dmean": 0.140522107482,
        "dmean2": 0.239688232541,
        "dvar": 0.010505692102,
        "dvar2": 0.0307868961245,
        "max": 0.544083058834,
        "mean": 0.184137746692,
        "median": 0.168991446495,
        "min": 0.0140660852194,
        "stdev": 0.123661793768,
        "var": 0.0152922384441
    },
    "spectral_energyband_middle_high": {
        "dmean": 9.63203783613e-05,
        "dmean2": 0.000102562051325,
        "dvar": 1.67663060324e-07,
        "dvar2": 1.69220399471e-07,
        "max": 0.00239656819031,
        "mean": 0.00012498574506,
        "median": 3.75658783014e-05,
        "min": 2.39512501139e-05,
        "stdev": 0.000406758801546,
        "var": 1.65452718193e-07
    },
    "spectral_energyband_middle_low": {
        "dmean": 0.00708861183375,
        "dmean2": 0.0115986773744,
        "dvar": 5.89694391238e-05,
        "dvar2": 0.000147691607708,
        "max": 0.0521930195391,
        "mean": 0.0127733806148,
        "median": 0.00762397469953,
        "min": 0.0008772254223,
        "stdev": 0.0127682415769,
        "var": 0.000163027987583
    },
    "spectral_entropy": {
        "dmean": 0.799128472805,
        "dmean2": 1.33160567284,
        "dvar": 0.474324345589,
        "dvar2": 0.803937137127,
        "max": 7.27928876877,
        "mean": 4.87480068207,
        "median": 4.75007581711,
        "min": 3.4758503437,
        "stdev": 0.794627845287,
        "var": 0.631433367729
    },
    "spectral_flatness_db": {
        "dmean": 0.0803923383355,
        "dmean2": 0.137219578028,
        "dvar": 0.00385224120691,
        "dvar2": 0.00693655293435,
        "max": 0.570655882359,
        "mean": 0.427347511053,
        "median": 0.434173583984,
        "min": 0.226383134723,
        "stdev": 0.0750288888812,
        "var": 0.00562933459878
    },
    "spectral_flux": {
        "dmean": 0.21949569881,
        "dmean2": 0.400513738394,
        "dvar": 0.0363945513964,
        "dvar2": 0.103342995048,
        "max": 1.12098312378,
        "mean": 0.392661988735,
        "median": 0.352455586195,
        "min": 0.109070256352,
        "stdev": 0.205750912428,
        "var": 0.0423334352672
    },
    "spectral_kurtosis": {
        "dmean": 7.19196224213,
        "dmean2": 12.1123123169,
        "dvar": 23.2501182556,
        "dvar2": 66.2646179199,
        "max": 29.279384613,
        "mean": 15.8796710968,
        "median": 16.0928878784,
        "min": 3.36177825928,
        "stdev": 7.01529312134,
        "var": 49.2143363953
    },
    "spectral_rms": {
        "dmean": 0.00896521098912,
        "dmean2": 0.0153023181483,
        "dvar": 4.41014417447e-05,
        "dvar2": 0.000123476333101,
        "max": 0.039977516979,
        "mean": 0.0178912561387,
        "median": 0.0175190679729,
        "min": 0.0050193737261,
        "stdev": 0.00796684250236,
        "var": 6.34705793345e-05
    },
    "spectral_rolloff": {
        "dmean": 40.4404067993,
        "dmean2": 74.8278808594,
        "dvar": 1429.37731934,
        "dvar2": 3106.3581543,
        "max": 172.265625,
        "mean": 68.701171875,
        "median": 43.06640625,
        "min": 21.533203125,
        "stdev": 44.139465332,
        "var": 1948.29223633
    },
    "spectral_skewness": {
        "dmean": 0.853885829449,
        "dmean2": 1.41644883156,
        "dvar": 0.319129347801,
        "dvar2": 0.824559509754,
        "max": 5.29968976974,
        "mean": 3.88317298889,
        "median": 4.01150131226,
        "min": 2.06615233421,
        "stdev": 0.854647040367,
        "var": 0.730421602726
    },
    "spectral_spread": {
        "dmean": 4513206.5,
        "dmean2": 7409639,
        "dvar": 1.23231660933e+13,
        "dvar2": 2.57741784351e+13,
        "max": 26321044,
        "mean": 13209973,
        "median": 11607102,
        "min": 7377050,
        "stdev": 4917242,
        "var": 2.41792691732e+13
    },
    "spectral_strongpeak": {
        "dmean": 0.121470868587,
        "dmean2": 0.242414742708,
        "dvar": 0.0478770919144,
        "dvar2": 0.125950410962,
        "max": 0.69386267662,
        "mean": 0.0726667791605,
        "median": 0,
        "min": 0,
        "stdev": 0.185935914516,
        "var": 0.0345721654594
    },
    "zerocrossingrate": {
        "dmean": 0.00319169205613,
        "dmean2": 0.00505371112376,
        "dvar": 8.44464284455e-06,
        "dvar2": 1.67435428011e-05,
        "max": 0.013671875,
        "mean": 0.0058128722012,
        "median": 0.004638671875,
        "min": 0.00048828125,
        "stdev": 0.00424044951797,
        "var": 1.7981410565e-05
    },
    "barkbands": {
        "dmean": [0.34479367733, 0.0378349497914, 0.0124356830493, 0.00460890075192, 0.004298012238, 0.000776230590418, 0.000115475682833, 5.68319883314e-05, 3.90688910556e-05, 2.47691805271e-05, 1.42968183354e-05, 1.45557296491e-05, 1.19403530334e-05, 1.01712494143e-05, 8.24283961265e-06, 6.72975238558e-06, 5.78539584239e-06, 5.34074115421e-06, 5.24158076587e-06, 4.66560095447e-06, 4.35897027273e-06, 3.74453725271e-06, 2.99752309729e-06, 2.92938830171e-06, 2.63265542344e-06, 2.71814906228e-06, 2.67636482931e-06],
        "dmean2": [0.603975653648, 0.0600715503097, 0.0199232213199, 0.00850074924529, 0.00763246696442, 0.00131267635152, 0.000169235703652, 7.9036813986e-05, 4.52072490589e-05, 2.80521308014e-05, 1.62366286531e-05, 1.61873940669e-05, 1.35229984153e-05, 1.15451648526e-05, 8.98621692613e-06, 7.3804958447e-06, 6.52032485959e-06, 5.95946858084e-06, 6.16122406427e-06, 5.38114636583e-06, 5.05994921696e-06, 4.33316017734e-06, 3.51074709215e-06, 3.57569706466e-06, 3.00028295896e-06, 3.08119479087e-06, 2.99515659208e-06],
        "dvar": [0.113896332681, 0.0015357035445, 0.000155015542987, 3.85088096664e-05, 2.37475451286e-05, 8.25124004677e-07, 3.63433478867e-08, 1.78437531417e-08, 1.92272366917e-08, 8.53393977707e-09, 2.96331958971e-09, 3.61140184424e-09, 2.06835637506e-09, 1.60906798996e-09, 1.03984176825e-09, 7.40922434517e-10, 5.17590637017e-10, 4.18308387928e-10, 3.66060404211e-10, 2.92226159937e-10, 2.45118425557e-10, 1.81687290213e-10, 1.20957008298e-10, 9.62322235787e-11, 9.87798870478e-11, 1.05965229646e-10, 1.07397361837e-10],
        "dvar2": [0.316553890705, 0.00430249702185, 0.000407566549256, 0.000112812384032, 5.20193134435e-05, 2.16921921492e-06, 4.28034745426e-08, 1.97615328545e-08, 1.94022966582e-08, 8.61285087694e-09, 2.94835178494e-09, 3.62479224414e-09, 2.10781259113e-09, 1.6232440947e-09, 1.02617681019e-09, 7.3394484934e-10, 5.23332044366e-10, 4.17202883352e-10, 3.62254726216e-10, 2.98943647614e-10, 2.4808982646e-10, 1.84347731524e-10, 1.21898283134e-10, 9.5537175393e-11, 1.01325281499e-10, 1.06758456242e-10, 1.104744074e-10],
        "max": [1.5565829277, 0.216270118952, 0.0679755881429, 0.0287907607853, 0.0248569846153, 0.00504442118108, 0.00108482176438, 0.000764626136515, 0.0008345109527, 0.000543991976883, 0.000312233663863, 0.00036296210601, 0.000260968256043, 0.000234274106333, 0.000188941994566, 0.000159961928148, 0.000134177462314, 0.000120210846944, 0.000116769311717, 0.000100007535366, 9.14456613827e-05, 7.78354515205e-05, 6.72729220241e-05, 6.22702282271e-05, 6.20555292699e-05, 6.1534177803e-05, 6.36008116999e-05],
        "mean": [0.312236279249, 0.0529448129237, 0.0150362569839, 0.00588893890381, 0.00533800804988, 0.00125850562472, 0.000169266131707, 6.38796627754e-05, 4.58299000456e-05, 2.80479216599e-05, 1.67726102518e-05, 1.62392516359e-05, 1.34128840727e-05, 1.16161290862e-05, 1.00172374005e-05, 8.55111102283e-06, 7.32074749976e-06, 7.18816681911e-06, 6.90574233886e-06, 6.34258321952e-06, 6.8536442086e-06, 6.26566270512e-06, 5.57901603315e-06, 6.35174546915e-06, 5.98152792008e-06, 5.94884386373e-06, 5.93160393692e-06],
        "median": [0.201015666127, 0.0463376790285, 0.0111046805978, 0.00274020223878, 0.00365928793326, 0.000825855240691, 9.48424203671e-05, 2.37293352257e-05, 1.36195421874e-05, 8.06301159173e-06, 4.86087719764e-06, 3.53483414983e-06, 3.03434171656e-06, 3.01621548715e-06, 2.75440083897e-06, 2.45371325036e-06, 2.38164147959e-06, 2.6716722914e-06, 2.81027178062e-06, 2.45036153501e-06, 3.5130597098e-06, 3.3032436022e-06, 3.0320602491e-06, 4.23532583227e-06, 3.87410818803e-06, 3.66392805518e-06, 3.77466903956e-06],
        "min": [0.00557625107467, 0.00251924013719, 0.000310476170853, 9.8127668025e-05, 0.00022432244441, 1.3937604308e-05, 7.71905888541e-06, 1.79018365998e-06, 4.83920985062e-06, 1.80913150416e-06, 1.83830798051e-06, 1.02327578588e-06, 1.41061707382e-06, 7.33651972951e-07, 1.07450034648e-06, 1.42913802392e-06, 8.86315774551e-07, 1.24022687942e-06, 1.19220749184e-06, 1.47110188209e-06, 1.66729705597e-06, 2.14752776628e-06, 2.1692746941e-06, 3.04410377794e-06, 2.8193765047e-06, 3.0893377243e-06, 3.09369261231e-06],
        "stdev": [0.339670151472, 0.0408473312855, 0.0158875286579, 0.00767217343673, 0.00595280481502, 0.00131861749105, 0.000199697416974, 0.000134543472086, 0.000137520255521, 9.17434299481e-05, 5.43262358406e-05, 5.97373291384e-05, 4.5464377763e-05, 3.98823976866e-05, 3.23824569932e-05, 2.75212387351e-05, 2.27253403864e-05, 2.0492445401e-05, 1.91743783944e-05, 1.71314168256e-05, 1.55753841682e-05, 1.33765170176e-05, 1.09370139398e-05, 9.87303519651e-06, 1.00017123259e-05, 1.02304966276e-05, 1.02815383798e-05],
        "var": [0.115375801921, 0.00166850432288, 0.000252413592534, 5.88622424402e-05, 3.54358853656e-05, 1.73875218934e-06, 3.98790582778e-08, 1.81019466083e-08, 1.89118196658e-08, 8.41685743325e-09, 2.95134006123e-09, 3.56854856776e-09, 2.06700967453e-09, 1.59060575822e-09, 1.04862341033e-09, 7.57418572306e-10, 5.16441056586e-10, 4.19940304752e-10, 3.67656793898e-10, 2.93485458158e-10, 2.42592612665e-10, 1.78931217065e-10, 1.1961827362e-10, 9.74768321615e-11, 1.00034244777e-10, 1.04663069878e-10, 1.05710024068e-10]
    },
    "erbbands": {
        "dmean": [1.87168216705, 9.0035905838, 12.132106781, 12.4658651352, 6.21214675903, 1.5902132988, 1.02280831337, 0.79804956913, 0.579235196114, 0.551551938057, 0.483337968588, 0.364459395409, 0.322745501995, 0.271786749363, 0.205351427197, 0.154588282108, 0.108268529177, 0.0694123655558],
        "dmean2": [3.27584981918, 14.8288450241, 21.6213588715, 21.2610549927, 10.7091579437, 2.42960691452, 1.27338409424, 0.903830170631, 0.639435350895, 0.6270570755, 0.530167222023, 0.400350421667, 0.371144592762, 0.317776620388, 0.233486413956, 0.179918140173, 0.12971021235, 0.086499132216],
        "dvar": [2.60776352882, 92.4372406006, 294.773406982, 162.312698364, 55.8944244385, 7.30845069885, 9.9110956192, 8.78558826447, 5.56081867218, 4.35509300232, 3.57741332054, 2.09910798073, 1.44064557552, 1.00074613094, 0.557695508003, 0.313367307186, 0.144571632147, 0.0489263832569],
        "dvar2": [7.0397439003, 217.941970825, 759.946899414, 428.407287598, 140.175064087, 8.3911485672, 9.99332427979, 8.85441017151, 5.53277206421, 4.43831443787, 3.51865005493, 2.07564806938, 1.43261945248, 0.993007302284, 0.572852909565, 0.316420137882, 0.142685845494, 0.0489925220609],
        "max": [7.97292900085, 47.1535224915, 81.8909988403, 64.0586013794, 37.9521903992, 16.0533657074, 18.9652900696, 17.460351944, 14.1893692017, 11.982670784, 11.108836174, 8.48511123657, 7.07917642593, 6.10913944244, 4.31203365326, 3.28309798241, 2.30648756027, 1.39133942127],
        "mean": [2.17270088196, 10.7808017731, 18.8755264282, 14.8208818436, 9.61913871765, 2.08071160316, 1.17839217186, 0.912411630154, 0.672671198845, 0.618482887745, 0.56852376461, 0.466418504715, 0.412106156349, 0.353627920151, 0.281944125891, 0.245668441057, 0.18779937923, 0.144108444452],
        "median": [2.03632354736, 6.52242326736, 10.5220994949, 8.67756938934, 4.47516536713, 1.18939089775, 0.341139316559, 0.267228603363, 0.168742805719, 0.147973120213, 0.147598773241, 0.139382958412, 0.146696284413, 0.14048653841, 0.120860770345, 0.125596284866, 0.107679635286, 0.0992388352752],
        "min": [0.0346937999129, 0.576917469501, 0.63180065155, 0.958492279053, 0.16660065949, 0.112994864583, 0.130336970091, 0.0891774743795, 0.034578897059, 0.0690059512854, 0.0733419731259, 0.0630404278636, 0.0647447109222, 0.0571762509644, 0.0654182732105, 0.0759629160166, 0.0599700957537, 0.0630322024226],
        "stdev": [1.75110864639, 11.2547159195, 22.255065918, 15.4344272614, 10.5590457916, 2.7695991993, 3.13080906868, 2.94650435448, 2.34729337692, 2.08528256416, 1.89960587025, 1.46871042252, 1.2056620121, 1.00284540653, 0.745730102062, 0.556450247765, 0.37865537405, 0.22398430109],
        "var": [3.06638145447, 126.668640137, 495.287994385, 238.221557617, 111.493453979, 7.67067956924, 9.80196475983, 8.68188762665, 5.509786129, 4.34840345383, 3.608502388, 2.15711021423, 1.45362091064, 1.0056989193, 0.556113362312, 0.309636890888, 0.143379896879, 0.0501689687371]
    },
    "gfcc": {
        "mean": [-25.7159366608, 50.8675079346, 17.6482162476, -0.565778434277, -13.1453332901, -11.3417196274, -8.0473985672, -4.32688713074, -2.85008358955, -1.20539724827, -1.97835195065, -1.64694178104, -2.56804442406],
        "cov": [[574.275756836, -5.25295352936, -129.122619629, -68.4944534302, -43.4225959778, 5.12652158737, 4.64407920837, 19.5665397644, 10.4199571609, -1.62208032608, -16.6116504669, -12.2277050018, -11.2125444412], [-5.25295352936, 248.318695068, 130.158508301, -55.5305366516, -88.0038375854, -71.3489151001, -23.9325065613, -4.32879209518, 10.4675130844, -1.89079809189, -14.2466831207, -6.7558965683, -3.02085328102], [-129.122619629, 130.158508301, 114.213096619, 5.47300291061, -19.2260322571, -26.7237968445, -9.91847896576, -9.40848731995, 2.80939173698, 3.51551365852, 3.23589110374, 2.48249602318, -1.49378740788], [-68.4944534302, -55.5305366516, 5.47300291061, 60.5929336548, 60.0803565979, 37.0404396057, 21.2640666962, 1.4791675806, -2.11484718323, 11.277507782, 14.0948858261, 6.701171875, -1.60818624496], [-43.4225959778, -88.0038375854, -19.2260322571, 60.0803565979, 81.357673645, 52.9111976624, 24.2941989899, 5.17709064484, 1.21499562263, 16.9228878021, 20.3161582947, 9.46791362762, -2.28554534912], [5.12652158737, -71.3489151001, -26.7237968445, 37.0404396057, 52.9111976624, 49.3252830505, 24.6386814117, 4.7683095932, 1.03690743446, 10.8108520508, 11.5084266663, 7.57706260681, 3.94261717796], [4.64407920837, -23.9325065613, -9.91847896576, 21.2640666962, 24.2941989899, 24.6386814117, 29.4806213379, 12.2357063293, 2.94621682167, 7.68159723282, 5.58716583252, 6.07931756973, 7.78182888031], [19.5665397644, -4.32879209518, -9.40848731995, 1.4791675806, 5.17709064484, 4.7683095932, 12.2357063293, 19.2837677002, 10.032740593, 6.38342189789, 3.77587223053, 2.67620611191, 5.37526130676], [10.4199571609, 10.4675130844, 2.80939173698, -2.11484718323, 1.21499562263, 1.03690743446, 2.94621682167, 10.032740593, 17.1179332733, 9.1223192215, 2.76903557777, 2.57117915154, 1.83996605873], [-1.62208032608, -1.89079809189, 3.51551365852, 11.277507782, 16.9228878021, 10.8108520508, 7.68159723282, 6.38342189789, 9.1223192215, 22.163105011, 14.1759004593, 7.46514797211, 2.75487327576], [-16.6116504669, -14.2466831207, 3.23589110374, 14.0948858261, 20.3161582947, 11.5084266663, 5.58716583252, 3.77587223053, 2.76903557777, 14.1759004593, 24.8149013519, 10.827299118, 1.09583985806], [-12.2277050018, -6.7558965683, 2.48249602318, 6.701171875, 9.46791362762, 7.57706260681, 6.07931756973, 2.67620611191, 2.57117915154, 7.46514797211, 10.827299118, 11.1046390533, 7.30189275742], [-11.2125444412, -3.02085328102, -1.49378740788, -1.60818624496, -2.28554534912, 3.94261717796, 7.78182888031, 5.37526130676, 1.83996605873, 2.75487327576, 1.09583985806, 7.30189275742, 15.041557312]],
        "icov": [[0.00676483940333, -0.0155941154808, 0.0244702138007, -0.00881959497929, 0.00772210629657, -0.0140948910266, 0.00624966621399, -0.00243415217847, 0.000676572672091, 0.00125818117522, -0.000942270795349, -0.00850761309266, 0.00978800747544], [-0.0155941154808, 0.0814849883318, -0.109622828662, 0.0615213364363, -0.0038536710199, 0.036514505744, -0.0385632961988, -0.00977010279894, 0.0040947413072, -0.0277423933148, 0.0232411567122, 0.00843761488795, 0.0125081371516], [0.0244702138007, -0.109622828662, 0.166471898556, -0.0968164503574, 0.0203661043197, -0.0407872162759, 0.0462092719972, 0.0234476737678, -0.015609100461, 0.0316598005593, -0.0322463065386, -0.0200565606356, -0.00789753627032], [-0.00881959497929, 0.0615213364363, -0.0968164503574, 0.14408390224, -0.0757636502385, 0.0369268618524, -0.0618560351431, 0.00220723706298, 0.0175694487989, -0.0202929396182, 0.0216167196631, 0.0138781266287, 0.0148480953649], [0.00772210629657, -0.0038536710199, 0.0203661043197, -0.0757636502385, 0.136091947556, -0.0917338207364, 0.0343825556338, -0.0379065982997, 0.0082827610895, -0.0210056919605, 0.00187216117047, -0.0486150346696, 0.0656844377518], [-0.0140948910266, 0.036514505744, -0.0407872162759, 0.0369268618524, -0.0917338207364, 0.156783461571, -0.0796975120902, 0.061209987849, -0.027970507741, 0.00213023624383, -0.00743275275454, 0.0428884699941, -0.0561995431781], [0.00624966621399, -0.0385632961988, 0.0462092719972, -0.0618560351431, 0.0343825556338, -0.0796975120902, 0.134773090482, -0.073311932385, 0.0305313505232, 0.00064307556022, 0.0109800249338, -0.0308018159121, -0.0122226867825], [-0.00243415217847, -0.00977010279894, 0.0234476737678, 0.00220723706298, -0.0379065982997, 0.061209987849, -0.073311932385, 0.16155809164, -0.0875861272216, 0.0237280298024, -0.0512052066624, 0.0768632367253, -0.0700365677476], [0.000676572672091, 0.0040947413072, -0.015609100461, 0.0175694487989, 0.0082827610895, -0.027970507741, 0.0305313505232, -0.0875861272216, 0.133000865579, -0.0553457327187, 0.0456819273531, -0.0533205270767, 0.0421727783978], [0.00125818117522, -0.0277423933148, 0.0316598005593, -0.0202929396182, -0.0210056919605, 0.00213023624383, 0.00064307556022, 0.0237280298024, -0.0553457327187, 0.116931699216, -0.0620781593025, 0.0178012810647, -0.0349864028394], [-0.000942270795349, 0.0232411567122, -0.0322463065386, 0.0216167196631, 0.00187216117047, -0.00743275275454, 0.0109800249338, -0.0512052066624, 0.0456819273531, -0.0620781593025, 0.1426641047, -0.14634282887, 0.0843545943499], [-0.00850761309266, 0.00843761488795, -0.0200565606356, 0.0138781266287, -0.0486150346696, 0.0428884699941, -0.0308018159121, 0.0768632367253, -0.0533205270767, 0.0178012810647, -0.14634282887, 0.366608768702, -0.199362143874], [0.00978800747544, 0.0125081371516, -0.00789753627032, 0.0148480953649, 0.0656844377518, -0.0561995431781, -0.0122226867825, -0.0700365677476, 0.0421727783978, -0.0349864028394, 0.0843545943499, -0.199362143874, 0.225040599704]]
    },
    "melbands": {
        "dmean": [0.0284179542214, 0.00728784687817, 0.00198655505665, 0.00109678460285, 0.000254560291069, 0.000126212908071, 3.21743573295e-05, 1.47953642227e-05, 8.99574570212e-06, 5.50048207515e-06, 4.01415991291e-06, 2.69424549515e-06, 1.90403432043e-06, 1.71464046161e-06, 1.40642600854e-06, 1.14137469609e-06, 9.74810632215e-07, 8.1639933569e-07, 6.12945541434e-07, 5.11566099703e-07, 3.93145285216e-07, 3.49011997969e-07, 3.16135555067e-07, 2.50189572171e-07, 2.18207205194e-07, 2.01428562718e-07, 1.7294171073e-07, 1.47958942875e-07, 1.14454742572e-07, 1.11896298449e-07, 9.36876247692e-08, 8.08798787943e-08, 7.01299853745e-08, 6.06815291349e-08, 5.15565474757e-08, 4.49516832646e-08, 4.57109869956e-08, 3.48428699226e-08, 3.37539951545e-08, 2.71130193852e-08],
        "dmean2": [0.0479897484183, 0.0117691121995, 0.00357783632353, 0.00198952690698, 0.000435633643065, 0.000218553192099, 4.80503149447e-05, 2.10951875488e-05, 1.18368607218e-05, 6.35019614492e-06, 4.55116696685e-06, 2.98053282677e-06, 2.1231539904e-06, 1.92820652956e-06, 1.60119122938e-06, 1.3190676782e-06, 1.11024382932e-06, 9.07081073365e-07, 6.85940733547e-07, 5.65033587918e-07, 4.39690580833e-07, 4.01249337756e-07, 3.67011665503e-07, 2.80239191852e-07, 2.65022720214e-07, 2.32346309303e-07, 2.04407072601e-07, 1.70787487264e-07, 1.31977429874e-07, 1.35055046258e-07, 1.12811605391e-07, 9.37130977263e-08, 8.16491620981e-08, 7.29371194552e-08, 6.19792359657e-08, 5.42426406014e-08, 5.874289144e-08, 4.26085264849e-08, 4.41539036444e-08, 3.25396207757e-08],
        "dvar": [0.000513638195116, 5.75829253648e-05, 7.54177835915e-06, 1.70409657585e-06, 6.56374155028e-08, 2.4910111307e-08, 2.09956851904e-09, 9.28129184619e-10, 5.72148439737e-10, 3.77187059364e-10, 2.39911646105e-10, 1.09523230762e-10, 5.56355066184e-11, 4.89264496972e-11, 3.07345711381e-11, 1.79308182885e-11, 1.39870068652e-11, 9.8568393031e-12, 5.57657696063e-12, 4.04278477015e-12, 2.37815604882e-12, 1.79709090491e-12, 1.32090508236e-12, 9.53736113522e-13, 5.92454254059e-13, 5.75549590626e-13, 3.8882083859e-13, 2.67090684422e-13, 1.80490320498e-13, 1.41191406982e-13, 1.04830037608e-13, 8.24217403312e-14, 5.87581334499e-14, 4.11015283765e-14, 3.05195322139e-14, 2.30922899346e-14, 1.53116926148e-14, 1.46992251135e-14, 1.11322863634e-14, 8.62398633137e-15],
        "dvar2": [0.00145710888319, 0.000138642077218, 1.89861621038e-05, 3.63477056453e-06, 1.57140092938e-07, 5.60009603134e-08, 2.74894018659e-09, 1.11459930174e-09, 5.85369419603e-10, 3.80547732215e-10, 2.4086471706e-10, 1.09931175274e-10, 5.54225207394e-11, 4.87367299296e-11, 3.10861683617e-11, 1.83525746683e-11, 1.42043234813e-11, 9.68105630383e-12, 5.53968893327e-12, 3.97824394954e-12, 2.37574760212e-12, 1.82710530733e-12, 1.30960400944e-12, 9.54828230371e-13, 5.85947902611e-13, 5.7389981439e-13, 3.92280988509e-13, 2.73121179535e-13, 1.8628200653e-13, 1.42552568599e-13, 1.04420446356e-13, 8.66104334519e-14, 5.75164305831e-14, 4.07654257031e-14, 3.08273168819e-14, 2.34792484663e-14, 1.50154851931e-14, 1.4429219809e-14, 1.13189605665e-14, 8.40316823016e-15],
        "max": [0.111111536622, 0.0386735796928, 0.0141147403046, 0.00644122203812, 0.00130709935911, 0.00081402953947, 0.000256444182014, 0.000179162641871, 0.000140315154567, 0.00011682024342, 9.18004589039e-05, 6.06568610237e-05, 4.33133900515e-05, 4.24429417762e-05, 3.21975603583e-05, 2.43075428443e-05, 2.1703346647e-05, 1.8485063265e-05, 1.39647318065e-05, 1.19550559248e-05, 8.80781408341e-06, 7.87128556112e-06, 6.82078234604e-06, 5.78203662371e-06, 4.60387536805e-06, 4.69723727292e-06, 3.74228920919e-06, 3.00505485029e-06, 2.46839113061e-06, 2.11202768696e-06, 1.93671780835e-06, 1.62346680099e-06, 1.46696208958e-06, 1.2293120335e-06, 1.08987160274e-06, 9.22516505852e-07, 8.00798943601e-07, 7.74018531047e-07, 6.6722026304e-07, 5.87094746152e-07],
        "mean": [0.0376884303987, 0.00929808896035, 0.00339711713605, 0.00137611757964, 0.000436338770669, 0.000205360091059, 4.79926602566e-05, 1.81333707587e-05, 1.01335335785e-05, 6.37862331132e-06, 4.55386043541e-06, 3.23868812302e-06, 2.24171390073e-06, 1.91760682355e-06, 1.56656699346e-06, 1.26951044876e-06, 1.10992368718e-06, 9.32151863253e-07, 7.2737947221e-07, 6.31510999938e-07, 4.95951894663e-07, 4.29478376418e-07, 3.95150209442e-07, 3.33732884883e-07, 2.8212275538e-07, 2.65232159791e-07, 2.32119674592e-07, 1.92504060692e-07, 1.68803040879e-07, 1.71557360318e-07, 1.40430984175e-07, 1.29555985495e-07, 1.16891747837e-07, 1.01739800584e-07, 9.03084256265e-08, 8.28418151855e-08, 9.20914473568e-08, 6.96105075804e-08, 6.49922782259e-08, 5.38846975928e-08],
        "median": [0.0355382561684, 0.00612040515989, 0.00219720113091, 0.000864480796736, 0.000329752860125, 0.000101350407931, 2.62602552539e-05, 8.47213232191e-06, 3.53202540282e-06, 1.74814920229e-06, 1.08383233055e-06, 8.30822045828e-07, 6.3484912971e-07, 4.09584259842e-07, 3.80061607075e-07, 3.10105804147e-07, 3.12097142796e-07, 2.30532180012e-07, 2.07289048149e-07, 1.76334594926e-07, 1.54468722258e-07, 1.4076509558e-07, 1.43731767821e-07, 1.27864524302e-07, 1.04098035081e-07, 1.05308849641e-07, 9.34488681992e-08, 7.53897353434e-08, 8.05224829037e-08, 9.04221195697e-08, 6.98429261092e-08, 6.53273986018e-08, 6.34778274389e-08, 5.70509897102e-08, 5.08188264803e-08, 4.99276140431e-08, 6.39789590196e-08, 4.39024923082e-08, 4.29293827153e-08, 3.2733183275e-08],
        "min": [0.000931753951591, 0.000404839694966, 0.000142255492392, 6.70649242238e-05, 1.53847649926e-05, 3.09305369228e-06, 1.06713457626e-06, 9.74724343905e-07, 7.08177481101e-07, 6.94927848599e-07, 3.56193851303e-07, 2.56372459262e-07, 2.1493090685e-07, 7.63409957472e-08, 1.50077738681e-07, 1.20423791827e-07, 8.41100131765e-08, 8.2565193793e-08, 8.33094233599e-08, 9.69341797941e-08, 7.14450081318e-08, 4.76151207351e-08, 5.29528847437e-08, 5.94909224105e-08, 4.1033956677e-08, 4.40866436691e-08, 5.10627558015e-08, 3.39345582745e-08, 4.47143371218e-08, 3.97196302515e-08, 3.45010882086e-08, 3.94605059739e-08, 3.12225090227e-08, 3.13452552803e-08, 2.74655818089e-08, 3.33010952147e-08, 3.78532938328e-08, 2.67061874837e-08, 2.67466635506e-08, 2.15127489156e-08],
        "stdev": [0.0260736513883, 0.00927633792162, 0.00367767480202, 0.00159597198945, 0.000372096168576, 0.000224017436267, 5.16229374625e-05, 3.06206493406e-05, 2.39854343818e-05, 1.92814059119e-05, 1.53931232489e-05, 1.04061082311e-05, 7.43876307752e-06, 6.96095230523e-06, 5.50419918e-06, 4.23868323196e-06, 3.72171916752e-06, 3.15468992085e-06, 2.36647929341e-06, 2.04258776648e-06, 1.54930694407e-06, 1.34094500481e-06, 1.15715056381e-06, 9.73706846708e-07, 7.67098583765e-07, 7.62377965202e-07, 6.27431177236e-07, 5.19906450336e-07, 4.2001315137e-07, 3.76165075977e-07, 3.23354242937e-07, 2.83047569383e-07, 2.43259620447e-07, 2.01908704867e-07, 1.76022624032e-07, 1.51717472363e-07, 1.27868361233e-07, 1.21690305832e-07, 1.06011455614e-07, 9.48899341324e-08],
        "var": [0.000679835327901, 8.60504442244e-05, 1.35252912514e-05, 2.54712676906e-06, 1.38455561682e-07, 5.01838108846e-08, 2.66492783396e-09, 9.37624200503e-10, 5.75301084549e-10, 3.71772584939e-10, 2.36948238808e-10, 1.08287080691e-10, 5.53351982291e-11, 4.84548547119e-11, 3.02962099852e-11, 1.79664373656e-11, 1.38511936296e-11, 9.95206868304e-12, 5.60022471105e-12, 4.17216478379e-12, 2.40035205254e-12, 1.7981333653e-12, 1.33899748928e-12, 9.48104984279e-13, 5.88440212355e-13, 5.81220130618e-13, 3.93669878597e-13, 2.70302741778e-13, 1.76411050481e-13, 1.41500174208e-13, 1.04557970626e-13, 8.01159201372e-14, 5.91752463545e-14, 4.07671265452e-14, 3.09839637671e-14, 2.30181931865e-14, 1.63503193325e-14, 1.48085296331e-14, 1.1238428909e-14, 9.00409914272e-15]
    },
    "melbands96": {
        "dmean": [0.108826600015, 0.0164889637381, 0.00985800009221, 0.00828754436225, 0.00373675441369, 0.00255782390013, 0.00157155073248, 0.00111705204472, 0.000339714984875, 0.000268882606179, 0.000223204857321, 9.86637896858e-05, 4.42571908934e-05, 2.9729308153e-05, 1.77877900569e-05, 1.3338943063e-05, 9.86523900792e-06, 7.75003354647e-06, 6.00870816925e-06, 4.52381937066e-06, 4.31446960647e-06, 3.94015160055e-06, 2.7351341032e-06, 2.35636889556e-06, 1.92559787138e-06, 1.78953098384e-06, 1.83830957212e-06, 1.5657711856e-06, 1.38242955927e-06, 1.33075184294e-06, 1.10486644189e-06, 1.0465929563e-06, 9.57579686656e-07, 9.16904980386e-07, 7.68773077198e-07, 6.420359e-07, 6.21846083959e-07, 5.60874468647e-07, 4.91335583774e-07, 4.25404749649e-07, 3.68030441678e-07, 3.69018721358e-07, 3.85568796446e-07, 3.1903041986e-07, 3.04979977273e-07, 2.69263068731e-07, 2.44100448299e-07, 2.24505612323e-07, 2.3387738679e-07, 2.0750920271e-07, 2.01372330366e-07, 1.70466520899e-07, 1.63164997957e-07, 1.50058298232e-07, 1.19784473895e-07, 1.20420381222e-07, 1.12449079381e-07, 1.29504542201e-07, 1.04154068481e-07, 9.8372296975e-08, 8.54409805129e-08, 8.69338734333e-08, 7.31883318394e-08, 7.1299545823e-08, 6.87351260353e-08, 5.91087143675e-08, 5.64859448104e-08, 5.10323907577e-08, 4.82282729308e-08, 4.99394445796e-08, 5.28152881429e-08, 4.56193056664e-08, 3.55875791058e-08, 3.42429871125e-08, 3.73880837401e-08, 3.10628323064e-08, 2.71047522205e-08, 2.7055273577e-08, 2.4947038213e-08, 2.12026538549e-08, 2.08668140544e-08, 2.13977706665e-08, 2.22838245634e-08, 2.06824370963e-08, 1.89729938427e-08, 1.97634033583e-08, 1.57045025873e-08, 1.48524978982e-08, 1.40315163932e-08, 1.59784612208e-08, 1.31306050477e-08, 1.2191690324e-08, 1.27605055411e-08, 1.1771863484e-08, 1.17227632046e-08, 1.26434152037e-08],
