{
"lowlevel": {
    "average_loudness": 1.56125594231e-07,
    "barkbands_crest": {
        "dmean": 3.76967811584,
        "dmean2": 6.53838014603,
        "dvar": 10.4911193848,
        "dvar2": 30.5584506989,
        "max": 26.974653244,
        "mean": 21.1809024811,
        "median": 21.9166126251,
        "min": 7.0659570694,
        "stdev": 4.64135217667,
        "var": 21.5421504974
    },
    "barkbands_flatness_db": {
        "dmean": 0.119527243078,
        "dmean2": 0.216923341155,
        "dvar": 0.00928918179125,
        "dvar2": 0.0304190181196,
        "max": 1,
        "mean": 0.760953247547,
        "median": 0.75086081028,
        "min": 0.340304851532,
        "stdev": 0.128116846085,
        "var": 0.0164139270782
    },
    "barkbands_kurtosis": {
        "dmean": 137.03855896,
        "dmean2": 250.203582764,
        "dvar": 402186.8125,
        "dvar2": 1197998.25,
        "max": 10404.4277344,
        "mean": 110.383323669,
        "median": 25.0581111908,
        "min": -1.87560045719,
        "stdev": 480.799835205,
        "var": 231168.484375
    },
    "barkbands_skewness": {
        "dmean": 3.71576356888,
        "dmean2": 6.3244509697,
        "dvar": 37.1273994446,
        "dvar2": 106.084259033,
        "max": 84.164352417,
        "mean": 5.43175172806,
        "median": 3.57605624199,
        "min": -2.81357550621,
        "stdev": 6.45494890213,
        "var": 41.6663665771
    },
    "barkbands_spread": {
        "dmean": 0.461210101843,
        "dmean2": 0.759450852871,
        "dvar": 0.851377427578,
        "dvar2": 2.04019713402,
        "max": 10.7865228653,
        "mean": 0.621412396431,
        "median": 0.248643711209,
        "min": 0.00238307239488,
        "stdev": 1.05399787426,
        "var": 1.11091148853
    },
    "dissonance": {
        "dmean": 0.0990587100387,
        "dmean2": 0.17366759479,
        "dvar": 0.00741275772452,
        "dvar2": 0.021003190428,
        "max": 0.500000059605,
        "mean": 0.327375233173,
        "median": 0.362285673618,
        "min": 0.00529838725924,
        "stdev": 0.123317301273,
        "var": 0.015207156539
    },
    "dynamic_complexity": 6.74959611893,
    "erbbands_crest": {
        "dmean": 2.67724514008,
        "dmean2": 4.43186759949,
        "dvar": 4.62925195694,
        "dvar2": 12.1141300201,
        "max": 17.60430336,
        "mean": 9.60351371765,
        "median": 9.16187000275,
        "min": 2.27769589424,
        "stdev": 3.18190407753,
        "var": 10.1245136261
    },
    "erbbands_flatness_db": {
        "dmean": 0.0593305341899,
        "dmean2": 0.103443734348,
        "dvar": 0.00220442516729,
        "dvar2": 0.0065933605656,
        "max": 0.563582241535,
        "mean": 0.313770204782,
        "median": 0.311383187771,
        "min": 0.0952928215265,
        "stdev": 0.0715129747987,
        "var": 0.00511410553008
    },
    "erbbands_kurtosis": {
        "dmean": 12.3631782532,
        "dmean2": 20.5260848999,
        "dvar": 572.015930176,
        "dvar2": 1283.81152344,
        "max": 494.708190918,
        "mean": 13.4150047302,
        "median": 3.12489128113,
        "min": -1.90597748756,
        "stdev": 30.6768684387,
        "var": 941.0703125
    },
    "erbbands_skewness": {
        "dmean": 1.31604444981,
        "dmean2": 2.10267734528,
        "dvar": 1.50908792019,
        "dvar2": 3.67522907257,
        "max": 9.98707580566,
        "mean": 1.61534786224,
        "median": 1.2276828289,
        "min": -6.72046995163,
        "stdev": 2.10019397736,
        "var": 4.41081523895
    },
    "erbbands_spread": {
        "dmean": 1.26226878166,
        "dmean2": 2.05732512474,
        "dvar": 1.90510571003,
        "dvar2": 4.59153079987,
        "max": 11.8518857956,
        "mean": 2.53531885147,
        "median": 1.93917489052,
        "min": 0.0448001101613,
        "stdev": 2.03111481667,
        "var": 4.12542724609
    },
    "hfc": {
        "dmean": 0.15322804451,
        "dmean2": 0.261037796736,
        "dvar": 1.72754442692,
        "dvar2": 3.35728311539,
        "max": 28.1449489594,
        "mean": 0.182225212455,
        "median": 0.0383732244372,
        "min": 0.000150558000314,
        "stdev": 1.40133988857,
        "var": 1.96375358105
    },
    "loudness_ebu128": {
        "integrated": -35.7203140259,
        "loudness_range": 11.7134552002,
        "momentary": {
            "dmean": 1.6731082201,
            "dmean2": 2.26978778839,
            "dvar": 7.41947126389,
            "dvar2": 11.1009864807,
            "max": -22.8831005096,
            "mean": -42.2105636597,
            "median": -43.4306793213,
            "min": -52.0796966553,
            "stdev": 5.59728050232,
            "var": 31.3295497894
        },
        "short_term": {
            "dmean": 0.306568741798,
            "dmean2": 0.445213168859,
            "dvar": 0.899874210358,
            "dvar2": 1.614128232,
            "max": -30.8138122559,
            "mean": -38.7112503052,
            "median": -39.827255249,
            "min": -44.3177261353,
            "stdev": 4.03834581375,
            "var": 16.3082351685
        }
    },
    "melbands_crest": {
        "dmean": 3.65600013733,
        "dmean2": 6.00843763351,
        "dvar": 17.6310806274,
        "dvar2": 42.4561843872,
        "max": 39.9611854553,
        "mean": 34.1985054016,
        "median": 36.6616249084,
        "min": 9.84453964233,
        "stdev": 6.43344831467,
        "var": 41.3892593384
    },
    "melbands_flatness_db": {
        "dmean": 0.108505420387,
        "dmean2": 0.196796193719,
        "dvar": 0.00700315041468,
        "dvar2": 0.023132847622,
        "max": 1,
        "mean": 0.859133481979,
        "median": 0.861041069031,
        "min": 0.42797550559,
        "stdev": 0.103851370513,
        "var": 0.0107851065695
    },
    "melbands_kurtosis": {
        "dmean": 296.321380615,
        "dmean2": 513.132202148,
        "dvar": 578467.625,
        "dvar2": 1554619.375,
        "max": 9692.34277344,
        "mean": 266.924346924,
        "median": 59.4043197632,
        "min": -1.82211637497,
        "stdev": 678.056213379,
        "var": 459760.21875
    },
    "melbands_skewness": {
        "dmean": 5.5629734993,
        "dmean2": 9.23012924194,
        "dvar": 53.9565391541,
        "dvar2": 137.793136597,
        "max": 79.6860733032,
        "mean": 8.80898666382,
        "median": 6.11227464676,
        "min": -0.859445631504,
        "stdev": 8.69361209869,
        "var": 75.5788955688
    },
    "melbands_spread": {
        "dmean": 0.528302967548,
        "dmean2": 0.870270431042,
        "dvar": 1.52084469795,
        "dvar2": 3.66037130356,
        "max": 12.901845932,
        "mean": 0.639480352402,
        "median": 0.197510942817,
        "min": 0.0026694110129,
        "stdev": 1.26871526241,
        "var": 1.60963833332
    },
    "pitch": {
        "dmean": 1297.42724609,
        "dmean2": 2581.81591797,
        "dvar": 24848652,
        "dvar2": 74219800,
        "max": 22028.4882812,
        "mean": 985.903869629,
        "median": 82.1856994629,
        "min": 43.0243911743,
        "stdev": 4165.61035156,
        "var": 17352310
    },
    "pitch_instantaneous_confidence": {
        "dmean": 0.151278585196,
        "dmean2": 0.250438272953,
        "dvar": 0.0195774622262,
        "dvar2": 0.0497269444168,
        "max": 0.954244732857,
        "mean": 0.352258980274,
        "median": 0.285579800606,
        "min": -0.0069659948349,
        "stdev": 0.237950727344,
        "var": 0.0566205494106
    },
    "pitch_salience": {
        "dmean": 0.083568148315,
        "dmean2": 0.136206522584,
        "dvar": 0.0068718213588,
        "dvar2": 0.0172665920109,
        "max": 0.614665746689,
        "mean": 0.163420438766,
        "median": 0.117910213768,
        "min": 0.00557079259306,
        "stdev": 0.140261784196,
        "var": 0.0196733698249
    },
    "silence_rate_20dB": {
        "dmean": 0.00251256278716,
        "dmean2": 0.00503144646063,
        "dvar": 0.00250625261106,
        "dvar2": 0.00500610796735,
        "max": 1,
        "mean": 0.99749058485,
        "median": 1,
        "min": 0,
        "stdev": 0.0500312335789,
        "var": 0.00250312429853
    },
    "silence_rate_30dB": {
        "dmean": 0.00251256278716,
        "dmean2": 0.00503144646063,
        "dvar": 0.00250625261106,
        "dvar2": 0.00500610796735,
        "max": 1,
        "mean": 0.996235907078,
        "median": 1,
        "min": 0,
        "stdev": 0.0612363666296,
        "var": 0.00374989281408
    },
    "silence_rate_60dB": {
        "dmean": 0.104271359742,
        "dmean2": 0.207547172904,
        "dvar": 0.093398436904,
        "dvar2": 0.202206879854,
        "max": 1,
        "mean": 0.656210780144,
        "median": 1,
        "min": 0,
        "stdev": 0.474973767996,
        "var": 0.225600078702
    },
    "sound_start_frame": 0,
    "sound_stop_frame": 796,
    "spectral_centroid": {
        "dmean": 19.7493858337,
        "dmean2": 34.2417640686,
        "dvar": 942.580810547,
        "dvar2": 2483.6574707,
        "max": 319.176818848,
        "mean": 31.4429740906,
        "median": 20.7355270386,
        "min": 4.16660737991,
        "stdev": 36.0767936707,
        "var": 1301.53503418
    },
    "spectral_complexity": {
        "dmean": 0.278894484043,
        "dmean2": 0.488050311804,
        "dvar": 0.598100662231,
        "dvar2": 1.19829297066,
        "max": 11,
        "mean": 0.444165617228,
        "median": 0,
        "min": 0,
        "stdev": 1.03317594528,
        "var": 1.06745254993
    },
    "spectral_crest": {
        "dmean": 3.76967811584,
        "dmean2": 6.53838014603,
        "dvar": 10.4911193848,
        "dvar2": 30.5584506989,
        "max": 26.974653244,
        "mean": 21.1809024811,
        "median": 21.9166126251,
        "min": 7.0659570694,
        "stdev": 4.64135217667,
        "var": 21.5421504974
    },
    "spectral_decrease": {
        "dmean": 1.44074563391e-09,
        "dmean2": 2.48366394118e-09,
        "dvar": 9.32554555216e-17,
        "dvar2": 1.80583228895e-16,
        "max": -3.27735538361e-12,
        "mean": -1.69984648579e-09,
        "median": -5.34311372924e-10,
        "min": -2.18056726453e-07,
        "stdev": 1.01515933437e-08,
        "var": 1.0305485248e-16
    },
    "spectral_energy": {
        "dmean": 0.00544931646436,
        "dmean2": 0.00939370319247,
        "dvar": 0.00133676629048,
        "dvar2": 0.00258826697245,
        "max": 0.825427651405,
        "mean": 0.00643214210868,
        "median": 0.00202052854002,
        "min": 1.24464559121e-05,
        "stdev": 0.0384386368096,
        "var": 0.00147752871271
    },
    "spectral_energyband_high": {
        "dmean": 1.5662889874e-09,
        "dmean2": 2.95136670658e-09,
        "dvar": 7.69401715894e-17,
        "dvar2": 2.58453045613e-16,
        "max": 1.4041994234e-07,
        "mean": 1.084981327e-09,
        "median": 1.37402075828e-10,
        "min": 1.17037062245e-15,
        "stdev": 6.66672006489e-09,
        "var": 4.4445158775e-17
    },
    "spectral_energyband_low": {
        "dmean": 0.00283955293708,
        "dmean2": 0.00502544734627,
        "dvar": 0.000581508327741,
        "dvar2": 0.0011153355008,
        "max": 0.522385954857,
        "mean": 0.00322262616828,
        "median": 0.000956019386649,
        "min": 2.84821157948e-06,
        "stdev": 0.0252445247024,
        "var": 0.000637286051642
    },
    "spectral_energyband_middle_high": {
        "dmean": 1.55386874212e-06,
        "dmean2": 2.72305601356e-06,
        "dvar": 2.8383764783e-10,
        "dvar2": 7.51432194246e-10,
        "max": 0.000380826269975,
        "mean": 1.27211330891e-06,
        "median": 5.72063152404e-09,
        "min": 2.65288291335e-10,
        "stdev": 1.50312916958e-05,
        "var": 2.2593973914e-10
    },
    "spectral_energyband_middle_low": {
        "dmean": 0.000213572129724,
        "dmean2": 0.000332356401486,
        "dvar": 1.18671607652e-06,
        "dvar2": 2.70436657956e-06,
        "max": 0.014373390004,
        "mean": 0.000223266935791,
        "median": 4.45643172498e-06,
        "min": 6.32070609186e-08,
        "stdev": 0.00109665177297,
        "var": 1.2026451941e-06
    },
    "spectral_entropy": {
        "dmean": 0.501369595528,
        "dmean2": 0.825522780418,
        "dvar": 0.170736804605,
        "dvar2": 0.457676261663,
        "max": 5.65907907486,
        "mean": 3.00481104851,
        "median": 2.97191166878,
        "min": 1.42147982121,
        "stdev": 0.737039744854,
        "var": 0.543227553368
    },
    "spectral_flatness_db": {
        "dmean": 0.119527243078,
        "dmean2": 0.216923341155,
        "dvar": 0.00928918179125,
        "dvar2": 0.0304190181196,
        "max": 1,
        "mean": 0.760953247547,
        "median": 0.75086081028,
        "min": 0.340304851532,
        "stdev": 0.128116846085,
        "var": 0.0164139270782
    },
    "spectral_flux": {
        "dmean": 0.0204707104713,
        "dmean2": 0.034533791244,
        "dvar": 0.00155376410112,
        "dvar2": 0.00478549255058,
        "max": 0.680018663406,
        "mean": 0.0346725806594,
        "median": 0.0242048520595,
        "min": 0.00264814589173,
        "stdev": 0.043128926307,
        "var": 0.00186010438483
    },
    "spectral_kurtosis": {
        "dmean": 952.157104492,
        "dmean2": 1789.67675781,
        "dvar": 1951084,
        "dvar2": 5542351.5,
        "max": 13579.234375,
        "mean": 893.706420898,
        "median": 466.252410889,
        "min": 32.9440193176,
        "stdev": 1288.25610352,
        "var": 1659603.875
    },
    "spectral_rms": {
        "dmean": 0.000803685223218,
        "dmean2": 0.00134073372465,
        "dvar": 1.63375921147e-06,
        "dvar2": 3.33264324581e-06,
        "max": 0.0283777248114,
        "mean": 0.00179821974598,
        "median": 0.00140401115641,
        "min": 0.000110194756417,
        "stdev": 0.00174403784331,
        "var": 3.04166792375e-06
    },
    "spectral_rolloff": {
        "dmean": 29.1618003845,
        "dmean2": 53.1422767639,
        "dvar": 3990.28173828,
        "dvar2": 10142.546875,
        "max": 581.396484375,
        "mean": 56.6291007996,
        "median": 43.06640625,
        "min": 0,
        "stdev": 65.9667892456,
        "var": 4351.6171875
    },
    "spectral_skewness": {
        "dmean": 11.9426145554,
        "dmean2": 22.2096729279,
        "dvar": 119.901260376,
        "dvar2": 355.776794434,
        "max": 90.3223724365,
        "mean": 23.0142021179,
        "median": 19.9224643707,
        "min": 5.46024656296,
        "stdev": 12.2547683716,
        "var": 150.179336548
    },
    "spectral_spread": {
        "dmean": 809520.375,
        "dmean2": 1507528.625,
        "dvar": 725331804160,
        "dvar2": 2.33701690573e+12,
        "max": 6242037.5,
        "mean": 795892.25,
        "median": 533869.125,
        "min": 7270.47900391,
        "stdev": 809064.0625,
        "var": 654584643584
    },
    "spectral_strongpeak": {
        "dmean": 0.0285269822925,
        "dmean2": 0.0549480095506,
        "dvar": 0.00719537399709,
        "dvar2": 0.0202441457659,
        "max": 1.15152204037,
        "mean": 0.0203474797308,
        "median": 0,
        "min": 0,
        "stdev": 0.0738769993186,
        "var": 0.00545781152323
    },
    "zerocrossingrate": {
        "dmean": 0.000871667929459,
        "dmean2": 0.00122715206817,
        "dvar": 1.49888910528e-06,
        "dvar2": 2.36338337345e-06,
        "max": 0.015625,
        "mean": 0.0019084016094,
        "median": 0.0009765625,
        "min": 0,
        "stdev": 0.00221874332055,
        "var": 4.92282151754e-06
    },
    "barkbands": {
        "dmean": [0.00433775270358, 0.00134543830063, 6.8999666837e-05, 2.54390815826e-05, 0.000152198714204, 5.67921142647e-06, 8.85879671841e-06, 3.72487265849e-05, 1.0754680261e-05, 1.91499225366e-06, 3.02796166807e-07, 3.49170683478e-08, 1.14066747159e-08, 2.57769028345e-09, 1.44457712459e-09, 5.79506886922e-10, 4.37875707915e-10, 3.85497939126e-10, 3.4208805233e-10, 3.00643065998e-10, 2.7678348502e-10, 2.34871844196e-10, 1.96070715219e-10, 1.84883969245e-10, 1.76454739709e-10, 1.72619668559e-10, 1.84131487835e-10],
        "dmean2": [0.00733124371618, 0.0023447596468, 0.000117996540212, 3.3241660276e-05, 0.000241401736275, 8.8776814664e-06, 1.55988345796e-05, 6.28136549494e-05, 1.85930184671e-05, 3.41195914189e-06, 5.0602062629e-07, 6.19045223971e-08, 1.90197759764e-08, 3.47846196291e-09, 1.93079574551e-09, 9.9309027668e-10, 7.88451193223e-10, 7.08521130655e-10, 6.35788699466e-10, 5.62349611322e-10, 5.19946197208e-10, 4.42512138044e-10, 3.69865527095e-10, 3.48988143939e-10, 3.33184396739e-10, 3.26112303828e-10, 3.47965045666e-10],
        "dvar": [0.000493868719786, 0.000232652106206, 1.49035699337e-07, 7.86965870248e-09, 9.20789887005e-07, 8.79157024958e-10, 4.215315208e-09, 1.64550002069e-07, 1.29076198618e-08, 5.45675171715e-10, 9.13304501471e-12, 8.62930061608e-14, 1.86515638546e-14, 1.62665742438e-15, 6.67349201175e-16, 2.0280284863e-17, 7.35350660542e-18, 4.99783477362e-18, 3.78335579056e-18, 2.89412463795e-18, 2.44116384324e-18, 1.77307343033e-18, 1.21866224221e-18, 1.06406921676e-18, 9.55326295676e-19, 9.14462953031e-19, 1.03984378496e-18],
        "dvar2": [0.00103881687392, 0.000461963296402, 4.02212180006e-07, 1.36722340116e-08, 2.20506262849e-06, 2.21799179023e-09, 1.36973570264e-08, 4.10558726571e-07, 3.53181057733e-08, 1.48994128146e-09, 2.38476304676e-11, 1.66986636649e-13, 4.98064825873e-14, 1.71519608429e-15, 6.83923200733e-16, 3.58018956149e-17, 1.86819965572e-17, 1.47519969469e-17, 1.19573325058e-17, 9.45099096621e-18, 8.11778674983e-18, 5.96854238939e-18, 4.11448156644e-18, 3.59192014063e-18, 3.220404583e-18, 3.08779553669e-18, 3.51394678737e-18],
        "max": [0.527898907661, 0.342974632978, 0.00698643783107, 0.00243651121855, 0.0137417120859, 0.000588542665355, 0.0011834576726, 0.00992874521762, 0.00255482201464, 0.000520917412359, 6.67011117912e-05, 6.10996494288e-06, 2.76669902632e-06, 1.12471730063e-06, 7.27731617189e-07, 1.06440936065e-07, 4.7838543793e-08, 3.25553912717e-08, 2.95220523583e-08, 2.62523585093e-08, 2.44063507182e-08, 2.07419343923e-08, 1.75102474742e-08, 1.67251776872e-08, 1.61346385141e-08, 1.5805445841e-08, 1.68810707635e-08],
        "mean": [0.00480240397155, 0.00134905101731, 5.66240232729e-05, 4.09166532336e-05, 0.000130593500216, 5.81895892537e-06, 6.75772844261e-06, 3.04508539557e-05, 7.78238427301e-06, 1.44802561408e-06, 2.48567175731e-07, 3.54998768159e-08, 8.87198581268e-09, 2.64636512703e-09, 1.30914545871e-09, 4.36374075763e-10, 3.16383225174e-10, 2.73391698169e-10, 2.39993580564e-10, 2.09532349804e-10, 1.92175414471e-10, 1.62397276182e-10, 1.35527464251e-10, 1.27943614037e-10, 1.22224105836e-10, 1.19501603058e-10, 1.2744505451e-10],
        "median": [0.00137989362702, 0.000177503388841, 4.71643897981e-06, 1.35315508487e-06, 6.45073953365e-07, 1.24294103898e-07, 8.00652912858e-08, 1.76566615551e-07, 2.97645730285e-08, 4.00773991771e-09, 8.17286627264e-10, 2.80004686104e-10, 2.26618168675e-10, 1.36434516462e-10, 7.38577046744e-11, 4.14185387376e-11, 3.50163335827e-11, 3.21094505151e-11, 2.9035744295e-11, 2.57670967896e-11, 2.39181729977e-11, 2.03048793057e-11, 1.71289475659e-11, 1.63532156566e-11, 1.57702705061e-11, 1.54436029937e-11, 1.64912302564e-11],
        "min": [4.26322048952e-06, 1.03092679637e-06, 3.22815374432e-08, 1.11792468616e-08, 3.57247897931e-09, 3.78648001842e-10, 9.64796242897e-10, 8.78086714451e-10, 3.22843196621e-10, 5.18907486424e-11, 2.07022367998e-11, 1.46073222962e-11, 1.09900847103e-11, 8.38289767463e-12, 3.27018035047e-12, 1.75395705311e-15, 1.26299515754e-15, 9.91801465852e-16, 7.95428259036e-16, 6.1435823766e-16, 3.73577978626e-16, 2.08467699102e-16, 1.17428055301e-16, 7.60846219906e-17, 5.1140967458e-17, 3.12536099296e-17, 2.3584193122e-17],
        "stdev": [0.0226008147001, 0.0157053302974, 0.000329421891365, 0.00018003238074, 0.000887294474524, 2.83117897197e-05, 5.35136023245e-05, 0.000388407468563, 9.77511299425e-05, 1.96091768885e-05, 2.78814786725e-06, 3.29139652422e-07, 1.10073422377e-07, 4.03000406379e-08, 2.5840281026e-08, 4.19377288452e-09, 2.31349472912e-09, 1.80687032003e-09, 1.5262328068e-09, 1.31416733051e-09, 1.19636689444e-09, 1.01294661548e-09, 8.37303504309e-10, 7.81313014286e-10, 7.39286243334e-10, 7.22560178357e-10, 7.7008782684e-10],
        "var": [0.000510796788149, 0.000246657378739, 1.08518783293e-07, 3.24116555817e-08, 7.87291469351e-07, 8.01557487051e-10, 2.863705717e-09, 1.50860358872e-07, 9.55528278723e-09, 3.84519804886e-10, 7.773768608e-12, 1.08332918645e-13, 1.21161583303e-14, 1.62409334977e-15, 6.67720148667e-16, 1.75877325598e-17, 5.35225767786e-18, 3.26478054812e-18, 2.32938651347e-18, 1.72703565936e-18, 1.43129387836e-18, 1.026060888e-18, 7.01077186663e-19, 6.10449986282e-19, 5.46544131807e-19, 5.22093189888e-19, 5.93035249449e-19]
    },
    "erbbands": {
        "dmean": [0.0359677225351, 0.142088830471, 0.0794587284327, 0.789898514748, 0.0584068857133, 0.1924790591, 0.419265449047, 0.0583403110504, 0.00486752996221, 0.000583648739848, 0.000102609388705, 3.14872231684e-05, 2.2381394956e-05, 1.74119159055e-05, 1.33676439873e-05, 9.75199691311e-06, 6.65054722049e-06, 4.22886796514e-06],
        "dmean2": [0.0625130012631, 0.248115286231, 0.104400523007, 1.28029537201, 0.0864378064871, 0.327023565769, 0.718804836273, 0.103561773896, 0.00767485657707, 0.000984774786048, 0.000132612767629, 5.37086489203e-05, 4.07956031268e-05, 3.2328756788e-05, 2.50301982305e-05, 1.82999174285e-05, 1.24257740026e-05, 7.67611800256e-06],
        "dvar": [0.0686984583735, 2.47231483459, 0.07811524719, 32.2700538635, 0.104060150683, 1.79006135464, 16.7432479858, 0.475901305676, 0.00178335001692, 5.33609781996e-05, 3.66223639503e-06, 6.22048119681e-08, 1.77930754575e-08, 9.89532544793e-09, 5.75635539235e-09, 3.15861248268e-09, 1.56228940895e-09, 7.24654836137e-10],
        "dvar2": [0.132215186954, 5.018846035, 0.146669119596, 80.1325454712, 0.264098078012, 5.42301416397, 34.7502937317, 1.31933414936, 0.00378844072111, 0.000144533565617, 3.73814009436e-06, 1.07593074006e-07, 4.96066654421e-08, 3.10701864237e-08, 1.88662294676e-08, 1.04181347993e-08, 5.00510966006e-09, 2.076604666e-09],
        "max": [5.8445892334, 35.3122787476, 6.85355567932, 83.8570022583, 6.59359931946, 24.7301692963, 96.1396713257, 15.2588882446, 0.833035171032, 0.151650235057, 0.0539272576571, 0.00593596650288, 0.00200535706244, 0.00151048810221, 0.0011742725037, 0.000875175232068, 0.000670320354402, 0.000575770158321],
        "mean": [0.039732336998, 0.133654043078, 0.125587955117, 0.586460232735, 0.0580982640386, 0.158181294799, 0.378234833479, 0.0438576303422, 0.00463099638, 0.000457149813883, 0.000102396676084, 2.57062565652e-05, 1.71428291651e-05, 1.27423891172e-05, 9.57518659561e-06, 7.71431587054e-06, 6.29938313068e-06, 5.23999278812e-06],
        "median": [0.0119141116738, 0.01164401602, 0.00590332597494, 0.0018446657341, 0.00110945373308, 0.00177525996696, 0.00197912752628, 0.000154999128426, 2.19835783355e-05, 1.25926299006e-05, 6.91758395988e-06, 3.48142521034e-06, 2.55154418483e-06, 1.78152060926e-06, 1.29197212573e-06, 1.59630917551e-06, 1.77047093075e-06, 1.7811704538e-06],
        "min": [4.9758797104e-05, 6.24606327619e-05, 0.000173549269675, 1.38871091622e-05, 6.17358637101e-06, 2.58445743384e-05, 1.92429033632e-05, 2.58039813161e-06, 1.25067208501e-06, 9.40109316616e-07, 5.38436950137e-07, 2.36277184484e-08, 8.65216343016e-09, 4.04520239528e-09, 2.27080287907e-09, 6.66841648567e-09, 1.18882628186e-08, 1.42021034932e-08],
        "stdev": [0.274519324303, 1.59233748913, 0.515311956406, 5.05047893524, 0.30148935318, 1.28319573402, 4.41707611084, 0.574728727341, 0.0450619496405, 0.0058695813641, 0.00191641191486, 0.000235531188082, 0.000112630885269, 7.94925508671e-05, 5.91716634517e-05, 4.53772445326e-05, 3.4704538848e-05, 2.72269207926e-05],
        "var": [0.0753608644009, 2.5355386734, 0.265546411276, 25.5073375702, 0.0908958390355, 1.64659118652, 19.5105609894, 0.33031308651, 0.00203057914041, 3.44519830833e-05, 3.67263442058e-06, 5.54749419734e-08, 1.26857155891e-08, 6.31906527104e-09, 3.50128592785e-09, 2.05909422846e-09, 1.20440502016e-09, 7.41305239416e-10]
    },
    "gfcc": {
        "mean": [-347.995452881, 129.079650879, 13.9042291641, -15.3234882355, 0.577150762081, 7.38733816147, 7.65915679932, -1.36777186394, -8.49272346497, -7.57382678986, -1.90452754498, 4.16916656494, 1.13697445393],
        "cov": [[3152.3737793, 111.383911133, -548.608093262, -494.711395264, -278.028198242, 170.164016724, -70.2656097412, -130.681945801, 12.6623649597, 97.8300018311, 20.9846420288, -35.3116455078, 40.8381729126], [111.383911133, 805.533935547, -96.0976867676, -489.521087646, -196.806015015, -167.0859375, -76.2948608398, -61.4417304993, -22.2614479065, -3.01637864113, 17.4308013916, 23.2520713806, -12.450717926], [-548.608093262, -96.0976867676, 374.593505859, 244.233139038, -3.70467448235, -120.823135376, 17.3036880493, 18.5915260315, -4.02608299255, 11.414481163, 6.86208438873, 2.39175653458, 3.90407061577], [-494.711395264, -489.521087646, 244.233139038, 452.053985596, 166.506027222, 32.9138565063, 24.0846347809, 38.5872421265, 5.17397642136, -14.7277908325, -14.6200199127, -11.8798789978, -1.76044225693], [-278.028198242, -196.806015015, -3.70467448235, 166.506027222, 292.598236084, 128.700073242, 65.6362304688, 35.0450897217, 15.5663118362, -16.4848918915, -21.7250995636, 8.09694385529, -1.66948080063], [170.164016724, -167.0859375, -120.823135376, 32.9138565063, 128.700073242, 163.185653687, 69.2950515747, 18.0133533478, 1.6963044405, -12.8789739609, -17.2227058411, -10.0313901901, 0.308848381042], [-70.2656097412, -76.2948608398, 17.3036880493, 24.0846347809, 65.6362304688, 69.2950515747, 91.7080230713, 46.7099952698, 5.51694917679, -9.4521150589, -10.7809658051, 3.27981162071, 4.63471889496], [-130.681945801, -61.4417304993, 18.5915260315, 38.5872421265, 35.0450897217, 18.0133533478, 46.7099952698, 49.9015045166, 19.6452445984, -9.64401817322, -10.3813257217, 4.47499275208, 2.19064259529], [12.6623649597, -22.2614479065, -4.02608299255, 5.17397642136, 15.5663118362, 1.6963044405, 5.51694917679, 19.6452445984, 33.0721244812, 22.6404857635, 2.88036394119, -1.9867862463, 2.46734452248], [97.8300018311, -3.01637864113, 11.414481163, -14.7277908325, -16.4848918915, -12.8789739609, -9.4521150589, -9.64401817322, 22.6404857635, 46.4264640808, 22.8008575439, -2.49533987045, 0.36664262414], [20.9846420288, 17.4308013916, 6.86208438873, -14.6200199127, -21.7250995636, -17.2227058411, -10.7809658051, -10.3813257217, 2.88036394119, 22.8008575439, 28.0945529938, 13.0623321533, 0.795108497143], [-35.3116455078, 23.2520713806, 2.39175653458, -11.8798789978, 8.09694385529, -10.0313901901, 3.27981162071, 4.47499275208, -1.9867862463, -2.49533987045, 13.0623321533, 26.9480438232, 14.2931871414], [40.8381729126, -12.450717926, 3.90407061577, -1.76044225693, -1.66948080063, 0.308848381042, 4.63471889496, 2.19064259529, 2.46734452248, 0.36664262414, 0.795108497143, 14.2931871414, 24.6686725616]],
        "icov": [[0.000807953474578, -0.000800401729066, 0.00340312882327, -0.00342989875935, 0.0028835569974, 0.00124229921494, -0.00679687270895, 0.00979439914227, -0.00484747393057, -0.00358476000838, 0.0079161664471, -0.00709784450009, 0.00245745433494], [-0.000800401729066, 0.0733972340822, -0.15383002162, 0.196975857019, -0.0559592023492, -0.128176108003, 0.280001938343, -0.234197407961, 0.0824316889048, 0.0911310836673, -0.134495258331, 0.100813597441, -0.020895710215], [0.00340312882327, -0.15383002162, 0.418958544731, -0.490285754204, 0.138190686703, 0.426317811012, -0.858030438423, 0.820418536663, -0.401118516922, -0.0832551419735, 0.307729065418, -0.267052590847, 0.0939680561423], [-0.00342989875935, 0.196975857019, -0.490285754204, 0.597870826721, -0.175653189421, -0.469333916903, 0.985647082329, -0.929271459579, 0.437901973724, 0.148869156837, -0.40200906992, 0.348825871944, -0.118483573198], [0.0028835569974, -0.0559592023492, 0.138190686703, -0.175653189421, 0.0711691826582, 0.116080023348, -0.290175199509, 0.301217287779, -0.156750500202, -0.0556854233146, 0.171140611172, -0.168566808105, 0.0723677426577], [0.00124229921494, -0.128176108003, 0.426317811012, -0.469333916903, 0.116080023348, 0.515454947948, -0.964026033878, 0.977699816227, -0.556778013706, 0.0823413953185, 0.2111184448, -0.206999763846, 0.0955853834748], [-0.00679687270895, 0.280001938343, -0.858030438423, 0.985647082329, -0.290175199509, -0.964026033878, 1.96673238277, -2.05144906044, 1.18981015682, -0.112021900713, -0.559401631355, 0.583359599113, -0.273507356644], [0.00979439914227, -0.234197407961, 0.820418536663, -0.929271459579, 0.301217287779, 0.977699816227, -2.05144906044, 2.34571671486, -1.51370227337, 0.349371403456, 0.539816975594, -0.672937750816, 0.373401075602], [-0.00484747393057, 0.0824316889048, -0.401118516922, 0.437901973724, -0.156750500202, -0.556778013706, 1.18981015682, -1.51370227337, 1.17627632618, -0.514418005943, -0.139257505536, 0.336007803679, -0.248597234488], [-0.00358476000838, 0.0911310836673, -0.0832551419735, 0.148869156837, -0.0556854233146, 0.0823413953185, -0.112021900713, 0.349371403456, -0.514418005943, 0.624881029129, -0.420244604349, 0.222973316908, -0.012531016022], [0.0079161664471, -0.134495258331, 0.307729065418, -0.40200906992, 0.171140611172, 0.2111184448, -0.559401631355, 0.539816975594, -0.139257505536, -0.420244604349, 0.6990634799, -0.592397391796, 0.248605698347], [-0.00709784450009, 0.100813597441, -0.267052590847, 0.348825871944, -0.168566808105, -0.206999763846, 0.583359599113, -0.672937750816, 0.336007803679, 0.222973316908, -0.592397391796, 0.630789160728, -0.312179356813], [0.00245745433494, -0.020895710215, 0.0939680561423, -0.118483573198, 0.0723677426577, 0.0955853834748, -0.273507356644, 0.373401075602, -0.248597234488, -0.012531016022, 0.248605698347, -0.312179356813, 0.22244040668]]
    },
    "melbands": {
        "dmean": [0.000703891913872, 9.89554973785e-05, 1.35896925713e-05, 3.63444378308e-05, 1.32121776915e-05, 1.22682763504e-06, 1.62774813361e-06, 3.84833583666e-06, 6.63948503643e-06, 1.5796686057e-06, 4.72673491458e-07, 1.00788064117e-07, 3.54390543578e-08, 6.08184125284e-09, 1.91761939661e-09, 1.07676700889e-09, 2.86033668973e-10, 1.68104752341e-10, 9.54451379043e-11, 4.5208982391e-11, 3.29072082084e-11, 2.62480471386e-11, 2.14617247585e-11, 1.78327266148e-11, 1.4944533458e-11, 1.26109019061e-11, 1.06846493458e-11, 9.09622030476e-12, 7.77113096095e-12, 6.65867404617e-12, 5.71899645696e-12, 4.9246418575e-12, 4.24961498283e-12, 3.67347948935e-12, 3.18321475949e-12, 2.7646246837e-12, 2.40783478225e-12, 2.10423323731e-12, 1.8468234754e-12, 1.6290654806e-12],
        "dmean2": [0.00126024067868, 0.00017836461484, 1.89924503502e-05, 5.7144992752e-05, 2.168068022e-05, 1.9359322323e-06, 2.84009365714e-06, 6.63814125801e-06, 1.11092376756e-05, 2.82023984255e-06, 8.54936672567e-07, 1.84958594218e-07, 5.72974023783e-08, 1.0123931915e-08, 3.11937853326e-09, 1.84093229549e-09, 3.98915095401e-10, 2.13361051049e-10, 1.31266081338e-10, 7.49783707343e-11, 5.78299769183e-11, 4.72360310588e-11, 3.91497875785e-11, 3.28226265611e-11, 2.76776952052e-11, 2.34625322643e-11, 1.99459945088e-11, 1.70262571403e-11, 1.45764511572e-11, 1.25103616702e-11, 1.07588816328e-11, 9.27402078743e-12, 8.00936487272e-12, 6.92750587797e-12, 6.00564693462e-12, 5.21736820414e-12, 4.54485841322e-12, 3.97222012227e-12, 3.48659209143e-12, 3.07573584657e-12],
        "dvar": [4.37982234871e-05, 1.13812052405e-06, 2.16808349052e-09, 4.89159717176e-08, 1.04722053251e-08, 5.29408114569e-11, 1.58279181428e-10, 9.49205047895e-10, 5.69255886873e-09, 3.54822643489e-10, 4.01794118809e-11, 1.00821293588e-12, 1.20925594841e-13, 2.54200199064e-15, 2.8338011352e-16, 2.10851051292e-16, 1.52959376828e-17, 1.06503102102e-17, 2.57787260346e-18, 1.67191554867e-19, 5.13836712453e-20, 2.66367586099e-20, 1.61387606556e-20, 1.06390225552e-20, 7.29138545774e-21, 5.13536706e-21, 3.66339229372e-21, 2.65082305755e-21, 1.93518985086e-21, 1.42139113702e-21, 1.04827835664e-21, 7.7700890752e-22, 5.77504798142e-22, 4.29864418399e-22, 3.21225574245e-22, 2.407326561e-22, 1.81328501685e-22, 1.37485518461e-22, 1.05260234939e-22, 8.15142595139e-23],
        "dvar2": [8.41394794406e-05, 2.252782906e-06, 4.52860904332e-09, 1.14792712225e-07, 2.63890616026e-08, 1.35841435323e-10, 5.04798036705e-10, 2.29568408727e-09, 1.41949714205e-08, 9.90149628954e-10, 1.1320198251e-10, 2.76098241492e-12, 3.02814685219e-13, 5.20259240555e-15, 6.73642232457e-16, 5.82490634723e-16, 1.77346249473e-17, 1.07711025679e-17, 2.67942308572e-18, 2.46759841596e-19, 1.08121689058e-19, 6.73358041219e-20, 4.52310598438e-20, 3.17109058228e-20, 2.25826284899e-20, 1.63254950633e-20, 1.18508906203e-20, 8.68564684781e-21, 6.40045821975e-21, 4.73316179626e-21, 3.50859117741e-21, 2.6106345198e-21, 1.94534038288e-21, 1.45058893647e-21, 1.0849552138e-21, 8.1330938337e-22, 6.12438032893e-22, 4.64033177513e-22, 3.55021536628e-22, 2.74765150537e-22],
        "max": [0.141195073724, 0.02296612598, 0.000911949086003, 0.00300091970712, 0.00160975393374, 0.000153420114657, 0.00024752583704, 0.000706561026163, 0.00183746579569, 0.000422594341217, 0.000139703595778, 1.95903012354e-05, 7.69192411099e-06, 9.80709046416e-07, 3.52799872871e-07, 2.91009371267e-07, 1.05843014353e-07, 9.21651590602e-08, 4.50928467899e-08, 1.04335873274e-08, 4.81243667139e-09, 2.89652946073e-09, 1.91555460383e-09, 1.50913403996e-09, 1.28112953579e-09, 1.08984177238e-09, 9.29509358372e-10, 7.94751486843e-10, 6.8119332397e-10, 5.85314907653e-10, 5.04152719571e-10, 4.35216446215e-10, 3.76688430448e-10, 3.26828369923e-10, 2.84341966639e-10, 2.48107173695e-10, 2.17147924642e-10, 1.90711960113e-10, 1.6811266268e-10, 1.48807799416e-10],
        "mean": [0.000788927834947, 9.60723555181e-05, 2.14729152503e-05, 3.24811881001e-05, 9.4154420367e-06, 1.24224527553e-06, 1.30913122121e-06, 3.44468435287e-06, 5.28036525793e-06, 1.12074701519e-06, 3.39687119322e-07, 8.14087712797e-08, 2.98867277593e-08, 5.97110449974e-09, 1.63479174642e-09, 8.03946575978e-10, 2.88543494653e-10, 1.64410887682e-10, 8.42022770953e-11, 3.49145538869e-11, 2.42722075078e-11, 1.89726168803e-11, 1.53270434539e-11, 1.26265291625e-11, 1.0519983322e-11, 8.8362468384e-12, 7.46096066873e-12, 6.33470793182e-12, 5.39918977582e-12, 4.61861408493e-12, 3.96137029429e-12, 3.40778143551e-12, 2.93885315389e-12, 2.53948771733e-12, 2.20054486785e-12, 1.91163166026e-12, 1.66549803463e-12, 1.45630285175e-12, 1.27870565698e-12, 1.12833809136e-12],
        "median": [0.000207221324672, 7.98672590463e-06, 1.13883231734e-06, 1.82399901405e-07, 5.07959967422e-08, 2.31946888363e-08, 1.6666390934e-08, 3.16387520627e-08, 2.76223719453e-08, 3.98283539482e-09, 9.30984345171e-10, 2.84699569475e-10, 1.03568639775e-10, 3.66432266474e-11, 2.39555771053e-11, 2.09070954993e-11, 1.4516288345e-11, 9.04395568851e-12, 4.39980994346e-12, 2.98851807017e-12, 2.49427193309e-12, 2.0930202016e-12, 1.76150120965e-12, 1.48798378133e-12, 1.26127634812e-12, 1.0714914199e-12, 9.12953306703e-13, 7.79915032296e-13, 6.67990294155e-13, 5.73587022063e-13, 4.93826550832e-13, 4.2612547063e-13, 3.6866367706e-13, 3.19783181055e-13, 2.78131142249e-13, 2.42650355104e-13, 2.12354412483e-13, 1.86451616408e-13, 1.64359763863e-13, 1.45456034912e-13],
        "min": [6.88356465162e-07, 5.73074956378e-08, 3.32658487423e-08, 1.40654132785e-09, 2.55140769623e-10, 7.66390978457e-11, 1.49470977262e-10, 2.52052101413e-10, 1.85246623596e-10, 5.85125559116e-11, 1.55854790879e-11, 9.55050708656e-12, 2.80195159609e-12, 1.191406457e-12, 1.81792927066e-12, 1.24047874837e-12, 1.03594596009e-12, 6.4404281604e-13, 1.07598846011e-13, 2.71273895122e-16, 1.01347637723e-16, 7.60674629559e-17, 5.83386398534e-17, 4.53639744558e-17, 3.63189298199e-17, 2.88369918438e-17, 2.33220413879e-17, 1.77534135278e-17, 1.2570705128e-17, 8.90312525828e-18, 6.4697753767e-18, 4.71150909972e-18, 3.43701919719e-18, 2.5371846231e-18, 1.88813983701e-18, 1.37796006419e-18, 1.05246490674e-18, 8.12648134865e-19, 6.27242631596e-19, 4.84910439076e-19],
        "stdev": [0.00692446250468, 0.00109508715104, 7.69834077801e-05, 0.000207955410588, 8.96498604561e-05, 6.70218423693e-06, 1.02022522697e-05, 3.3305677789e-05, 7.07094441168e-05, 1.57220547408e-05, 5.09558367412e-06, 8.76615672496e-07, 3.30441622509e-07, 5.49920713411e-08, 1.57949457957e-08, 1.12647704498e-08, 3.87600618268e-09, 3.26893845326e-09, 1.6034863437e-09, 3.92131827009e-10, 2.0354166963e-10, 1.39418296352e-10, 1.04802631851e-10, 8.30263774398e-11, 6.76072184347e-11, 5.60734444988e-11, 4.69657021607e-11, 3.97119941098e-11, 3.37697578234e-11, 2.88456966646e-11, 2.47036124196e-11, 2.12253183779e-11, 1.82713028735e-11, 1.57417412439e-11, 1.35961858092e-11, 1.17610574057e-11, 1.02003301639e-11, 8.87807622557e-12, 7.76428053795e-12, 6.82997148421e-12],
        "var": [4.79481823277e-05, 1.19921594433e-06, 5.92644555653e-09, 4.32454534405e-08, 8.03709720998e-09, 4.49192731622e-11, 1.04085955133e-10, 1.1092681218e-09, 4.99982544255e-09, 2.47182996294e-10, 2.59649749618e-11, 7.68455069543e-13, 1.09191660976e-13, 3.02412806202e-15, 2.49480293254e-16, 1.26895051384e-16, 1.50234246844e-17, 1.0685959213e-17, 2.5711683046e-18, 1.53767369953e-19, 4.14292085016e-20, 1.94374616188e-20, 1.09835909402e-20, 6.89337910496e-21, 4.57073591647e-21, 3.14423104228e-21, 2.20577706783e-21, 1.57704245605e-21, 1.14039650968e-21, 8.32074175494e-22, 6.10268450834e-22, 4.50514146325e-22, 3.33840482483e-22, 2.47802440155e-22, 1.8485626241e-22, 1.38322480949e-22, 1.04046739674e-22, 7.88202427246e-23, 6.02840561794e-23, 4.66485102357e-23]
    },
    "melbands96": {
        "dmean": [0.00172833900433, 0.000663485901896, 0.000221534952288, 6.57667696942e-05, 1.84193340829e-05, 1.18712414405e-05, 2.03083545784e-05, 5.44837093912e-05, 2.53569014603e-05, 1.5971539824e-06, 1.43498527905e-06, 1.28319959458e-06, 1.41501743656e-06, 2.07624316317e-06, 2.3907934974e-06, 5.55103861188e-06, 1.00062397905e-05, 2.57107330981e-06, 1.91431718122e-06, 7.80786763244e-07, 5.40054031717e-07, 1.95298383687e-07, 1.00862237673e-07, 5.49834098251e-08, 3.64053818203e-08, 1.15336558082e-08, 5.1059054762e-09, 2.82539525109e-09, 1.26203714146e-09, 1.57969504144e-09, 8.58335125198e-10, 3.52225471012e-10, 2.16818077381e-10, 1.79239900699e-10, 1.59539770284e-10, 1.1325122784e-10, 6.49384365725e-11, 4.65769853242e-11, 3.86884586867e-11, 3.36614694452e-11, 2.97050301024e-11, 2.64351162488e-11, 2.38107710632e-11, 2.14906929058e-11, 1.94795776731e-11, 1.77035677784e-11, 1.61176731683e-11, 1.47279827223e-11, 1.34961365e-11, 1.23158670762e-11, 1.1330925781e-11, 1.03753854466e-11, 9.5617524315e-12, 8.79013962313e-12, 8.09800230345e-12, 7.45652931761e-12, 6.88310996741e-12, 6.35604589794e-12, 5.87013901029e-12, 5.42178975327e-12, 5.02526536009e-12, 4.64380790766e-12, 4.30026413784e-12, 3.98419448475e-12, 3.69319939214e-12, 3.42558728779e-12, 3.18035853729e-12, 2.95248786357e-12, 2.74414280362e-12, 2.55276984447e-12, 2.37631529038e-12, 2.21322027545e-12, 2.06558468246e-12, 1.92786498571e-12, 1.8030858924e-12, 1.68828416958e-12, 1.58333231508e-12, 1.48761005684e-12, 1.40003178321e-12, 1.32000009881e-12, 1.24695089324e-12, 1.18028850582e-12, 1.11936729417e-12, 1.06372788182e-12, 1.01298711173e-12, 9.66622181603e-13, 9.24466883254e-13, 8.86385582988e-13, 8.52096930341e-13, 8.21736016905e-13, 7.95213070739e-13, 7.72535572839e-13, 7.5383097117e-13, 7.39068257549e-13, 7.28361869515e-13, 7.21798109563e-13],
